0 1054 85.9770
0 1373 85.5590
0 1 137.8230
1 1803 84.5720
1 1055 86.4420
1 0 137.8230
1 2 135.1050
2 1804 85.2330
2 3 272.6320
2 1 135.1050
3 1057 85.8960
3 2 272.6320
3 3937 200.5450
4 464 95.6520
4 5 54.8500
4 3937 20.2910
5 6 143.5570
5 864 87.1930
5 4 54.8500
6 5 143.5570
6 1058 85.3180
7 2411 86.2350
8 7 273.4690
8 2258 80.6480
9 3923 17.0960
9 441 86.2080
10 9 105.5530
10 842 79.6500
10 841 86.3640
11 10 128.5130
11 63 87.7580
11 2202 81.1130
12 4052 38.5660
12 4049 42.4480
12 266 250.2400
13 2427 201.1820
13 14 239.7450
14 15 127.5850
15 2893 90.6200
15 4486 215.9590
16 135 80.6260
16 1361 80.0500
17 1728 80.0770
17 16 270.9690
18 17 273.3500
18 2259 81.1350
19 3939 16.9100
19 444 80.1350
20 19 109.5180
20 845 80.0740
20 844 80.1250
21 20 216.0440
21 1730 88.2680
21 2201 85.0970
22 824 101.4500
22 823 127.6340
23 2280 96.9760
23 3615 269.0390
23 1928 171.1230
24 25 83.1820
24 3615 18.3130
24 3999 247.7570
25 24 83.1820
25 2395 169.2320
25 3987 246.5670
26 1817 77.0390
26 27 313.6560
27 1001 39.8210
27 711 82.5770
28 31 20.4130
28 3146 159.8410
29 28 59.0620
30 29 71.2380
30 2485 78.1700
30 32 22.5700
31 298 61.0660
31 28 20.4130
31 959 252.3340
31 32 128.4100
32 4343 281.0950
33 1348 80.4400
34 425 94.2140
34 3950 25.3700
35 34 154.4980
35 3967 81.1290
36 4366 79.0490
36 4238 81.1450
37 36 274.7090
37 4301 98.3400
37 828 79.6780
37 4150 80.6640
38 890 81.6130
38 1363 79.5180
38 39 271.9540
39 40 273.1810
39 1834 79.7690
40 3949 130.4370
40 1695 79.9520
41 42 127.1100
41 448 81.0030
42 43 215.9790
42 849 79.0350
42 848 81.5780
43 1696 94.1090
43 1836 84.1890
44 3911 28.4540
44 3416 109.3040
44 1747 171.4230
45 3416 20.8720
46 1843 86.0040
47 48 115.5490
47 388 47.2490
48 49 135.8900
48 3188 62.5260
49 50 88.2600
49 2871 36.4780
50 2871 97.5560
50 2494 79.3870
51 4338 46.4510
55 770 84.1270
57 4703 103.3730
57 1143 101.1870
57 4385 177.5010
57 3482 15.5320
58 142 55.3210
58 3776 86.7370
60 3288 189.7290
61 299 55.6650
63 3776 12.3270
63 11 87.7580
63 841 143.4720
63 335 87.7830
64 2947 146.8550
64 3153 79.9370
66 3752 23.2890
66 1332 79.9080
68 3169 32.4250
70 2714 140.9820
70 1658 84.1730
70 2308 86.2120
71 2309 77.6680
71 3803 41.2140
73 1232 15.8100
73 158 82.3700
74 3529 193.0060
74 2391 18.8750
76 258 328.2810
76 1790 166.1920
80 4463 3.4210
83 4227 152.0380
83 84 84.8320
83 1070 76.2620
84 3240 150.6190
86 2074 83.0890
86 4418 187.4400
86 755 275.2840
88 3241 134.9940
91 2728 81.5700
93 2727 75.4580
94 3740 50.3420
94 330 39.1790
95 4482 32.0730
96 3767 123.1920
96 835 113.8780
96 1037 89.6520
97 3513 135.8600
97 2356 78.9800
98 4098 29.4220
98 2975 214.3120
100 2849 141.2360
102 4444 101.3600
104 3381 19.6460
105 1360 85.6990
105 1914 274.1680
105 293 323.9260
106 3723 35.3820
106 3724 62.0810
111 1564 73.9180
111 1518 130.4990
112 4437 273.3090
112 1353 79.3230
112 1352 77.9630
113 143 90.2220
113 889 164.7500
113 2417 271.5940
113 1368 86.9050
115 3715 147.4900
116 115 119.8110
117 4700 13.5960
117 3716 170.8360
118 3720 6.4720
119 3534 176.0080
119 4215 290.0350
120 1316 131.0540
120 1554 76.8130
120 4369 134.9180
121 1565 160.9850
121 2164 87.9970
123 76 163.2970
124 299 77.3100
124 3712 129.4950
124 2853 81.5400
125 144 10.7800
127 584 77.5120
127 128 136.9380
128 3908 28.6200
129 4304 6.2360
130 2810 79.3130
130 3730 144.2920
131 130 66.0970
132 177 163.6660
132 131 47.9530
133 1298 87.3620
135 1362 88.1820
135 16 80.6260
135 2412 271.5930
136 80 72.6610
137 1698 138.1160
137 4320 77.5950
139 1839 28.4640
140 644 14.5320
141 1933 80.4850
142 4236 54.7000
142 58 55.3210
143 113 90.2220
143 2418 271.7000
143 149 230.0540
144 127 78.2190
145 4145 17.2110
145 3786 324.8950
145 4146 69.9760
147 118 180.1820
149 1369 84.7000
149 143 230.0540
151 3544 31.2120
152 932 133.9560
153 142 47.5910
154 2644 114.1330
154 216 167.7380
154 1392 90.3810
156 4463 119.4950
157 121 49.7030
158 3714 230.4280
161 4273 13.2700
161 3806 259.0510
161 2747 76.3890
162 163 34.7120
162 3970 357.9300
163 162 34.7120
163 2889 35.5730
163 176 339.3630
164 4435 504.8580
165 2392 44.9060
166 3485 79.3350
166 1212 62.0700
166 2491 76.4640
167 3975 40.1480
167 3747 229.5830
169 170 79.4510
169 3889 107.7220
170 3889 195.9040
170 3248 92.0780
171 4695 388.8150
172 3151 78.4420
172 4040 14.9420
172 2341 132.3730
174 3233 263.8160
174 3706 133.8830
175 176 111.2100
176 175 111.2100
176 3982 191.9280
176 163 339.3630
177 4327 3.0140
178 106 84.0180
181 1172 117.0480
182 336 39.8040
182 2311 51.0430
183 309 204.4010
184 183 165.3100
185 502 80.3650
185 3645 18.3080
185 186 132.4210
186 503 88.6950
186 187 80.8220
186 185 132.4210
187 186 80.8220
187 188 82.3460
187 2206 225.2220
188 505 123.3910
188 187 82.3460
188 189 78.5130
189 188 78.5130
189 190 82.6020
189 2208 173.2780
190 507 157.5550
190 189 82.6020
190 191 118.1770
191 508 183.9090
191 192 227.8820
191 4220 105.5310
191 190 118.1770
192 191 227.8820
192 193 76.2990
192 510 233.2990
193 194 77.0700
193 2838 89.1460
193 192 76.2990
194 193 77.0700
194 195 79.3350
195 196 76.6100
195 194 79.3350
195 1337 126.6500
196 514 170.3290
196 195 76.6100
196 197 79.4400
197 196 79.4400
197 198 79.0150
197 576 200.3820
198 197 79.0150
198 199 54.5180
198 516 148.7720
199 198 54.5180
199 200 80.4140
200 518 134.1040
200 199 80.4140
200 201 73.0500
201 3331 98.3270
201 3299 79.3080
201 200 73.0500
202 340 196.4020
202 3334 77.9700
202 203 108.2200
203 2480 85.5160
203 826 82.6830
203 204 141.0760
203 202 108.2200
204 203 141.0760
204 205 142.9210
205 206 199.1220
205 3155 81.2110
205 204 142.9210
206 205 199.1220
206 4046 76.2860
206 207 247.4850
207 1552 310.5580
207 4668 244.5480
207 347 86.8920
207 206 247.4850
208 209 214.6340
209 3310 39.3090
209 3276 75.9760
210 2494 39.8160
211 2112 78.8340
211 3189 37.3830
212 3068 32.4650
212 213 89.5980
213 2487 30.3560
213 2114 66.9110
214 2440 76.4710
214 215 59.9240
214 4492 67.9150
215 216 158.1410
215 766 34.6190
216 217 73.6850
216 2587 90.1430
216 154 167.7380
217 2588 87.5840
217 218 150.7040
218 219 89.2840
218 2590 75.2120
219 220 51.7380
219 2818 76.6030
220 2158 66.8240
220 2157 75.0550
220 221 85.3260
221 222 31.4160
222 2006 59.8860
222 223 114.0330
223 1955 44.9550
223 224 137.8220
224 995 52.1130
224 681 71.7240
225 1181 87.2140
225 226 113.7050
225 3046 83.9550
225 2120 225.5730
226 4689 42.3110
227 4688 15.2480
227 228 58.4780
228 639 78.7280
228 4487 29.6890
229 1697 81.2250
229 230 138.0170
230 3965 213.1610
230 231 141.9200
231 4132 15.5630
231 2957 228.7470
232 351 113.6920
232 3167 74.3920
233 232 310.4790
233 719 74.3910
234 2030 74.4310
234 233 273.9420
235 234 274.2230
235 1425 74.2710
236 2529 74.1840
236 235 277.6570
237 236 269.9080
237 2452 73.7840
239 3700 83.7050
239 1201 85.9370
239 240 74.3260
240 3455 63.1360
240 2142 76.0440
240 4381 64.1760
240 239 74.3260
241 1799 84.7590
242 722 78.3370
242 241 310.5620
243 242 273.8930
243 1800 84.6000
244 243 273.7760
244 1427 78.5790
245 1801 84.7100
245 244 294.2300
246 3134 78.4970
246 245 270.1260
247 3407 22.6840
247 3404 164.2550
248 249 132.3550
248 2526 77.6900
248 3311 145.5970
249 4011 21.8360
249 248 132.3550
249 4015 89.2920
250 1643 86.5890
251 250 79.3730
251 2873 128.5530
252 2874 168.4880
252 251 79.2610
253 252 79.1490
253 2875 203.2010
254 253 452.8670
254 1912 109.3530
255 1207 131.6910
255 2834 78.7350
255 254 496.0460
255 1912 396.6450
256 3743 52.2580
256 3047 84.3010
257 258 149.8620
257 256 77.6390
257 963 258.5870
257 1790 127.1460
258 257 149.8620
258 259 75.7460
259 258 75.7460
259 3497 211.1780
260 2671 155.0360
260 1065 87.8380
261 260 62.3820
262 1166 80.0590
262 1815 79.3310
263 262 134.2440
263 4045 80.3410
263 1134 53.6720
264 263 97.3190
264 1134 113.1540
264 1816 83.9680
265 533 51.4220
265 532 134.5140
265 266 84.6420
266 265 84.6420
266 3163 159.1140
267 1885 79.1310
267 268 170.9020
268 269 139.6310
268 358 85.0530
269 726 78.4810
269 270 274.0030
270 1886 78.6390
270 271 273.6590
271 4421 79.0060
271 272 276.8900
272 1887 77.0440
272 273 270.6470
273 1781 79.6070
274 774 80.3780
276 4104 192.7700
276 1811 86.3040
276 2606 78.3800
277 4047 12.1210
277 278 29.0110
277 534 176.2870
278 4072 24.2470
279 280 78.3270
279 4072 77.3880
280 281 78.9250
280 279 78.3270
280 871 243.4830
281 537 228.4160
281 280 78.9250
281 282 85.3590
282 1060 122.7610
282 1061 117.3950
282 283 209.9670
282 281 85.3590
283 1807 118.9250
283 2615 121.8680
283 284 176.2950
283 282 209.9670
284 1808 118.9790
284 283 176.2950
284 2737 122.1140
284 285 176.6710
285 286 131.0610
285 883 118.8510
285 884 122.1140
285 284 176.6710
286 287 129.4140
286 3227 90.4450
286 1809 118.7620
286 285 131.0610
287 286 129.4140
287 2643 27.2810
287 3227 156.8310
288 289 78.5980
288 2015 88.2910
289 288 78.5980
289 4395 49.1890
289 290 79.3280
290 291 80.6990
290 289 79.3280
291 1100 83.1890
291 292 152.4200
291 290 80.6990
292 4435 11.3670
292 291 152.4200
292 2016 55.1170
293 2118 973.0580
293 1184 85.6200
293 105 323.9260
293 2399 271.8450
294 550 167.5300
294 4016 21.5100
295 4008 73.2930
295 1796 235.4940
296 1795 99.0250
296 295 106.7430
297 296 87.9050
298 31 61.0660
298 1764 86.3360
298 958 217.8800
299 124 77.3100
299 1600 217.3450
299 300 80.1360
300 3016 69.8340
300 299 80.1360
300 301 77.3690
301 671 213.7080
301 4493 64.0860
301 300 77.3690
301 302 81.0620
302 303 79.5620
302 301 81.0620
303 302 79.5620
303 304 79.5450
304 303 79.5450
304 305 78.7710
304 2815 216.0580
305 1755 215.9680
305 306 79.9530
305 304 78.7710
306 305 79.9530
306 307 79.3940
306 4339 214.3620
307 3226 216.4430
307 306 79.3940
307 308 80.5010
308 307 80.5010
308 309 79.6500
308 3518 222.7250
309 2562 216.4030
309 308 79.6500
309 310 86.2960
310 3887 181.7390
310 1593 216.7150
310 309 86.2960
310 311 86.7180
311 312 81.5370
311 3888 178.9410
311 1906 216.8540
311 310 86.7180
312 3517 219.0370
312 313 80.9760
312 311 81.5370
313 3711 225.8990
313 689 217.3070
313 314 81.1080
313 312 80.9760
314 315 78.2870
314 313 81.1080
314 3710 229.0700
315 2725 215.4130
315 316 80.6500
315 314 78.2870
315 4444 220.8270
316 315 80.6500
316 317 87.7470
317 3242 215.8700
317 316 87.7470
317 3029 227.4150
317 318 84.7240
318 1882 226.8400
318 319 79.7390
318 317 84.7240
319 3079 216.6560
319 320 82.5810
319 318 79.7390
320 1981 226.7920
320 321 80.3040
320 319 82.5810
321 2847 216.7730
321 322 81.1810
321 320 80.3040
322 1408 226.8310
322 323 80.1170
322 321 81.1810
323 3243 216.7770
323 324 86.9410
323 322 80.1170
324 323 86.9410
324 325 85.4550
324 558 178.1300
324 557 217.2460
325 3160 217.0050
325 324 85.4550
325 326 79.5630
326 2640 225.5190
326 325 79.5630
326 327 80.0220
327 1607 217.2630
327 326 80.0220
327 328 79.4440
328 327 79.4440
328 329 78.7210
328 1608 293.4790
329 3244 216.3700
329 328 78.7210
329 330 84.1920
330 94 39.1790
330 329 84.1920
331 1914 75.5080
332 331 273.5380
332 2257 87.0450
333 3954 18.2040
333 440 81.9530
334 333 106.4850
334 841 87.0700
334 840 80.4320
335 334 156.2980
335 1916 81.9300
335 63 87.7830
336 182 39.8040
336 2310 79.4590
337 336 140.9880
337 2477 88.6640
337 3199 79.5570
338 337 133.9570
338 1123 79.4920
338 1124 88.3070
339 2938 79.4600
339 2478 88.1850
339 338 118.6130
340 339 89.4730
340 522 82.8860
340 523 91.0750
341 202 85.4250
341 2480 116.3330
342 341 83.8930
343 3336 52.4150
343 3332 92.3570
344 4075 85.0730
344 2480 85.8190
344 342 112.5580
344 345 398.6850
345 3810 103.0800
346 347 224.5850
346 345 250.4110
347 3963 328.2670
347 207 86.8920
348 1899 73.4120
348 1963 181.9820
349 348 78.6840
349 4447 144.7340
350 349 77.9220
350 3167 137.2020
351 4448 191.6440
351 350 77.9990
352 351 76.7220
352 2450 91.2180
353 352 83.7380
353 4458 236.7180
354 1799 43.7960
354 353 88.8110
354 2651 110.8940
355 722 261.5070
356 655 78.7970
356 355 84.7150
357 724 202.5280
357 356 82.8190
358 357 84.5560
358 1885 138.0010
359 1779 201.6420
359 268 85.5920
360 359 83.5000
360 727 79.3400
361 2454 259.6570
362 2056 222.6790
363 732 80.9300
363 362 85.5020
364 363 83.2390
364 2058 165.0360
365 364 81.3980
365 734 132.4550
366 365 82.7990
366 2059 117.3640
367 366 80.4460
367 736 177.6810
368 2061 75.4710
368 367 82.2830
369 368 87.2680
369 738 221.7580
369 1741 51.1670
370 1049 274.6000
370 2063 80.1880
371 1442 231.9100
372 2066 60.8960
373 1040 203.0820
374 2067 76.6470
375 1445 194.6550
376 2069 83.2640
377 1447 184.5080
378 2071 100.7400
380 913 140.7520
381 1450 98.9900
381 2073 174.7640
382 2074 209.2190
383 3697 12.2960
383 3695 67.4550
384 424 92.8450
384 1546 102.4340
384 383 161.3460
385 384 206.8420
386 385 111.5680
387 386 37.5800
388 387 26.8660
389 1843 119.3180
389 47 86.2360
390 2108 129.7910
390 389 69.0150
391 3147 127.0420
391 390 11.1920
392 391 63.0720
392 2102 138.4120
393 3694 67.3890
393 4007 139.1870
393 392 66.6010
394 2571 163.8170
394 3453 66.5460
395 394 73.1550
396 647 116.9510
396 395 69.2480
397 396 69.5960
397 2587 146.4490
397 3073 169.9720
398 2843 174.0980
398 397 77.6230
399 398 76.5320
399 2589 146.3270
400 399 77.0320
400 3144 176.7470
401 400 80.0450
401 2591 151.7710
402 401 68.0250
403 402 33.4030
403 2159 82.5770
403 2158 156.9130
404 403 70.3740
404 2008 80.6740
405 404 122.1090
405 3041 81.7300
406 993 80.5050
406 405 122.9450
407 2240 80.6920
407 406 162.3940
408 2927 80.5830
408 407 160.3510
409 4127 15.5070
409 2864 83.4450
410 4028 90.2560
410 2596 115.2210
411 2136 81.5580
411 410 78.2040
412 411 80.5220
412 2597 111.0970
413 2929 80.6400
413 412 78.7580
414 413 75.6010
415 1961 122.1830
415 414 65.8570
416 415 68.9430
416 2598 128.0630
417 416 74.6500
417 2905 228.9570
418 817 106.8820
418 417 75.1340
419 3196 195.9130
419 418 79.7830
420 419 86.3330
420 2730 104.7970
421 420 86.1380
421 1676 127.2140
422 1898 93.9560
422 2148 78.9220
422 421 93.1760
423 957 136.2700
423 2502 52.7510
424 423 110.2240
425 3967 203.9930
425 4110 70.2600
426 34 90.8060
426 3966 109.6020
427 426 93.0950
427 2402 64.2310
428 427 132.0460
428 2402 114.8680
429 2403 22.9920
429 428 51.7460
430 429 91.5390
430 1984 201.2150
431 672 158.3760
431 430 90.4630
432 3951 21.8990
432 431 90.0930
433 432 89.5740
433 4044 76.3550
434 3930 21.5410
434 433 87.9150
435 835 233.3940
435 3916 96.9480
435 2253 41.2590
436 836 205.6440
436 435 91.5380
437 3920 18.7920
437 436 83.5300
438 838 159.4970
438 437 82.5170
439 3926 18.7340
439 438 85.3180
440 840 116.6220
440 439 82.3070
441 841 104.6200
441 3917 17.3000
441 333 87.0280
442 842 105.6790
442 9 80.2030
443 3958 16.5580
443 442 79.5130
444 844 108.0900
444 443 82.2710
445 845 115.3690
445 19 79.6160
446 846 120.8180
446 3931 16.6880
446 445 88.8910
447 847 127.2990
447 446 84.1600
448 447 79.4950
448 3956 17.0790
449 41 78.6560
449 3938 17.2010
450 850 128.8070
450 449 80.8140
451 450 79.9940
451 3947 17.5400
452 852 128.8550
452 451 80.1540
453 3960 17.7700
453 452 78.8790
454 453 80.2910
454 3928 25.0160
455 855 124.0740
455 454 85.6570
455 3955 22.8280
456 856 126.7740
456 455 84.2020
457 456 81.6130
457 3944 16.6700
458 858 129.6830
458 457 79.6080
459 458 79.9670
459 3929 16.7370
460 860 128.2050
460 459 77.8050
461 460 80.6610
461 3953 17.8430
462 862 127.4370
462 461 80.6800
463 462 81.3090
463 3919 20.5340
464 864 93.6520
464 463 81.6720
465 4 94.8610
465 865 19.0220
466 2220 135.4300
466 3782 79.9150
467 2221 117.4030
467 466 76.4990
467 4309 16.7110
468 2222 135.5420
468 467 83.1970
469 468 79.5170
469 3611 17.9690
470 874 166.8480
470 469 79.6380
471 470 79.6850
471 3613 17.8470
472 471 80.8920
472 4536 192.4340
473 4000 87.7280
474 2395 83.4080
474 24 170.6110
475 474 79.0240
475 3616 20.5930
475 1838 162.4550
476 1838 146.2430
476 475 71.4800
477 476 79.7980
478 1851 262.1200
478 477 76.7610
478 3618 18.3030
479 584 261.2650
479 478 80.5880
479 3619 18.3110
480 1224 261.3110
480 479 79.7040
480 3620 18.3120
481 480 165.7450
481 3622 18.3140
481 1942 225.3880
482 2224 181.9820
482 3624 78.1220
483 482 80.5320
483 4212 428.3710
484 2225 194.9500
484 483 78.5690
485 484 78.8590
485 3627 18.3120
486 485 79.1420
486 2226 182.8380
487 486 80.9330
487 3629 18.3140
488 2227 142.2980
488 487 78.6230
489 3631 18.3060
489 488 78.1660
490 1263 134.2530
490 489 86.9160
490 3632 18.0330
491 490 84.5970
491 3633 18.3080
492 2230 116.7460
492 491 79.0830
493 492 79.9210
493 3635 18.3070
494 1274 128.9980
494 493 77.4200
495 494 79.9220
495 3637 18.3040
496 495 78.9390
496 2210 157.2330
497 496 79.5870
497 3639 18.3070
498 497 79.2980
498 2212 269.3580
499 3641 18.3080
499 498 165.6190
500 499 83.4890
500 3642 18.3030
501 3048 38.0710
501 3790 56.3250
502 501 75.9070
502 4221 82.9130
502 3644 18.3000
503 185 79.1820
503 3646 18.3110
504 187 106.2540
504 503 78.8510
505 504 80.2930
505 3648 18.3020
506 505 75.4170
506 189 140.6060
507 506 82.3110
507 3650 18.3070
508 191 183.9090
508 507 95.7200
508 3651 18.3060
509 508 87.2870
509 3652 18.3070
510 509 153.7230
510 192 233.2990
510 3653 14.4810
511 4217 13.9980
511 1115 75.8690
511 4218 46.3130
512 4218 39.6660
512 513 87.7560
512 194 229.9300
513 195 189.0970
513 514 80.9650
513 512 87.7560
514 1117 100.5100
514 513 80.9650
514 515 84.1070
515 516 84.1380
515 197 158.3050
515 514 84.1070
516 517 86.7580
516 515 84.1380
516 2935 38.1640
517 199 140.1930
517 518 84.5220
517 516 86.7580
518 1660 84.3000
518 519 71.2210
518 517 84.5220
519 201 128.9750
519 520 17.7700
519 518 71.2210
520 521 79.2960
520 519 17.7700
521 520 79.2960
521 2937 122.5330
521 522 84.9590
522 340 82.8860
522 3334 166.1780
522 521 84.9590
523 524 70.9940
523 340 91.0750
523 2478 73.8540
523 2479 84.4700
524 523 70.9940
524 525 78.8550
525 1849 94.7240
525 526 74.0340
525 524 78.8550
526 2940 105.4840
526 527 80.0860
526 3162 85.0110
526 525 74.0340
527 2941 116.3910
527 526 80.0860
527 528 56.0380
528 2631 84.9290
528 529 114.1240
528 527 56.0380
529 530 135.0390
529 528 114.1240
529 1551 86.8100
530 529 135.0390
530 2999 84.7860
530 531 137.8960
531 532 26.0860
531 3163 83.4040
531 530 137.8960
532 265 134.5140
532 531 26.0860
532 3127 106.9780
533 4049 79.3200
533 265 51.4220
534 2429 180.4840
534 277 176.2870
534 4052 117.6390
535 872 160.6670
535 536 169.6580
535 4071 91.9220
536 872 130.5550
536 537 81.5180
536 535 169.6580
537 3809 33.5740
537 536 81.5180
538 1061 124.5140
538 539 129.8850
538 1062 100.4360
538 2181 99.6450
538 3809 52.5690
539 538 129.8850
539 540 80.6920
539 2083 141.2310
540 2616 98.4170
540 1807 119.8990
540 539 80.6920
540 541 176.3790
541 1808 117.7040
541 540 176.3790
541 542 176.7460
541 3110 99.0640
542 882 96.6530
542 541 176.7460
542 883 117.0520
542 543 131.2000
543 3111 108.9870
543 4672 22.9240
543 542 131.2000
543 1809 104.2450
544 545 92.8430
544 2931 190.8840
544 4672 85.5990
545 544 92.8430
545 546 86.4320
546 664 101.7550
546 547 96.4680
546 545 86.4320
547 548 85.9230
547 3178 66.2280
547 546 96.4680
548 4014 68.5430
548 547 85.9230
548 2708 42.4030
549 4073 18.0560
549 249 81.4830
549 2526 151.7920
550 4009 11.8910
551 2914 87.6380
551 552 154.4700
552 3859 145.0070
552 2684 85.0000
552 551 154.4700
553 3859 23.7670
553 554 142.4400
553 3159 84.9190
554 553 142.4400
554 555 154.7650
554 2792 88.0810
555 2983 84.7400
555 556 215.5620
555 554 154.7650
556 2367 88.0620
556 555 215.5620
556 557 228.3460
557 324 217.2460
557 556 228.3460
557 3160 84.4910
558 1973 55.5070
558 559 48.9900
558 324 178.1300
559 558 48.9900
559 3032 85.2360
559 3031 87.0150
560 210 49.6650
562 2109 50.2150
563 564 310.5530
563 1944 81.4160
564 565 273.1130
564 714 87.8620
565 1945 80.6990
565 566 212.1150
566 1008 75.4080
566 1007 75.4730
567 568 79.5190
567 1008 40.9900
568 567 79.5190
568 1585 129.9250
568 569 139.0350
569 1585 69.1520
569 4442 53.7130
570 867 81.0490
570 3164 87.6950
570 571 121.0920
571 868 84.2490
572 573 139.2500
572 2308 80.4710
572 2307 79.7510
573 574 134.0560
573 3179 82.6020
573 3208 80.6790
574 1118 82.6830
574 1117 80.7760
574 575 116.6800
575 515 12.3090
575 2935 82.3810
576 2950 102.4220
577 578 25.6300
577 3983 51.6670
578 4235 56.3070
579 1200 78.9030
579 1201 141.5180
580 1852 82.3450
580 2704 156.0290
581 580 302.9910
581 1225 77.9140
582 1854 81.5800
582 4193 14.0420
583 582 265.8110
583 1227 79.6640
583 1467 81.6940
584 479 261.2650
584 127 77.5120
584 1224 79.0790
584 1851 78.7860
585 1340 79.7400
585 2460 153.9660
586 859 174.0710
586 2215 82.0850
587 588 125.6650
587 2932 72.9900
588 674 69.4450
588 589 117.9750
589 590 161.8510
589 675 71.9220
590 3417 29.2130
590 589 161.8510
591 593 87.6460
591 3417 80.8100
592 2757 56.9760
592 593 36.3100
592 591 94.9060
593 592 36.3100
593 594 107.1640
593 2754 23.3730
594 2568 163.6300
594 2757 174.0690
594 593 107.1640
595 3022 16.0120
595 596 126.7020
596 597 131.4470
596 2155 78.6590
596 1827 68.9960
597 4284 73.3870
597 598 143.2670
598 599 110.3100
598 1828 72.5420
598 3023 79.1820
599 986 70.3810
599 3595 100.9360
600 601 142.5700
600 633 77.5600
601 1707 79.1150
601 602 137.5710
602 4115 141.7450
602 966 73.6520
603 1963 74.8460
603 349 160.7040
604 718 73.9610
604 603 310.3720
605 1964 74.3500
605 604 274.0390
606 605 273.9220
606 1424 74.3740
607 1965 74.7960
607 606 277.9170
608 3168 74.2520
610 611 154.4240
610 3224 79.5260
611 3835 144.3870
611 2558 79.3120
612 613 144.4670
612 2559 78.5500
613 614 154.3370
613 2787 81.1120
614 615 216.0000
614 2561 77.3990
615 616 227.9410
615 2360 82.3670
616 308 216.5650
616 2562 75.5710
617 707 19.5480
618 943 26.9080
618 617 167.8310
619 2525 120.2910
619 2526 82.7640
619 620 175.9330
620 4013 12.1010
620 619 175.9330
620 549 87.1840
621 622 117.5220
621 1283 85.0280
621 4013 88.7810
622 623 86.6880
622 621 117.5220
623 622 86.6880
623 624 122.5540
623 3176 162.7400
624 1073 120.1820
624 623 122.5540
625 2185 125.0810
625 3590 90.8780
625 4539 170.8390
626 4154 154.8180
626 2555 79.7170
627 4392 204.4890
627 1077 93.3880
627 1078 93.5990
628 627 61.9960
628 1459 79.7230
628 1460 79.9420
629 628 137.0120
629 2556 79.6610
629 2830 79.8370
630 629 136.6540
630 2089 79.8450
630 2088 79.9270
631 4086 12.2480
631 678 78.2990
631 4087 28.2820
632 3605 18.0900
632 3596 66.3400
632 977 100.0920
633 1707 143.4090
633 3605 67.0900
634 3603 17.9760
634 3598 43.5170
635 3603 43.4660
635 1704 142.9240
636 3597 19.1770
636 635 68.2440
637 3599 18.8730
637 636 74.0800
637 1702 144.6610
638 1701 143.8140
638 637 71.4890
639 1409 56.5920
639 137 75.7370
640 4408 47.4190
640 1410 63.2430
641 640 77.2470
642 641 78.5440
642 1412 62.2560
642 1710 130.3250
643 642 149.5630
644 1414 62.4890
644 643 77.0350
645 1972 92.0830
645 2092 48.0640
645 2091 38.8430
646 645 93.6080
646 2280 218.5840
646 2092 79.7950
647 648 50.9490
648 649 125.4560
648 3073 71.0750
649 650 102.6080
649 768 69.2670
650 1558 36.6770
651 386 111.3070
651 1291 56.5290
652 1295 52.2140
652 651 130.7890
653 652 164.3110
653 2493 69.9700
654 653 74.9370
654 3146 72.0360
654 3189 85.8430
655 656 154.2760
655 3133 80.1870
656 2653 78.7290
656 4452 151.1990
657 3175 78.6160
657 658 150.4330
658 659 154.7540
658 4210 78.6220
659 2961 78.3870
659 660 214.4360
660 2334 78.2910
660 661 129.0020
661 662 100.5080
661 660 129.0020
662 2713 157.4000
662 661 100.5080
663 3297 183.4700
663 3176 81.5620
664 3178 84.6880
664 1982 80.7220
665 3266 79.4270
666 665 154.5930
666 926 79.7190
667 927 78.5170
667 3834 21.7240
668 667 145.1610
668 2784 79.5020
669 668 154.4810
669 929 79.4430
670 2357 78.9330
670 669 215.9490
671 3713 138.6590
671 931 78.4320
672 2251 79.5690
673 587 70.3900
673 4231 157.1240
674 3170 68.0020
674 673 128.0760
675 674 94.5650
675 3451 79.2250
676 677 27.5630
677 676 27.5630
677 200 79.1970
678 679 72.3080
678 2238 79.1810
678 631 78.2990
679 680 76.0330
679 678 72.3080
679 998 84.5750
680 681 75.9180
680 679 76.0330
680 4684 90.4320
681 680 75.9180
681 682 35.7390
681 2239 98.7240
682 681 35.7390
682 995 67.2420
683 1999 80.6010
684 683 154.0230
684 2678 80.8270
685 3184 80.7450
685 3841 22.7840
686 685 142.3620
686 2002 82.1830
687 686 154.4050
687 2979 80.5960
688 687 215.8970
688 2004 83.4280
689 688 228.0670
689 3185 80.3810
690 3744 72.7370
690 700 44.2000
691 136 101.9080
692 4378 9.0750
692 693 82.0530
693 3143 94.7260
693 694 93.1440
694 2817 80.8120
694 695 86.9860
695 696 43.0090
695 2162 95.8210
695 2816 128.6130
696 1896 50.7230
696 4379 76.8990
697 4693 89.6380
698 988 58.7950
698 80 113.6210
698 699 63.4760
699 700 155.8980
699 691 17.3280
700 701 85.7860
700 1994 63.3430
701 702 82.3080
701 2604 163.7650
702 1970 178.3380
702 703 82.2190
703 4410 19.8810
704 1662 123.9270
704 906 132.1970
704 4034 103.0280
704 705 107.8270
705 706 58.4620
706 707 81.0930
707 4037 135.5490
707 708 77.3240
708 709 77.8920
708 4038 140.9080
709 1157 64.4720
709 710 93.5880
710 1001 46.5120
710 1818 154.2180
710 27 59.4720
711 815 310.2770
711 712 77.0090
712 713 81.4970
713 1944 310.6040
713 564 80.8070
714 2147 310.9390
714 2027 273.7770
714 715 86.9700
715 716 81.3500
715 2028 274.5010
716 717 74.4730
716 2917 310.3790
717 604 74.6670
717 1964 273.9270
718 2030 274.0320
718 233 74.7640
719 2031 273.7040
719 720 78.1660
720 1264 310.3520
720 721 84.8560
721 242 84.7820
721 1800 273.8420
721 1799 309.3150
722 2032 273.6370
722 723 79.0300
723 724 77.9590
723 356 231.6590
724 1306 274.1490
724 725 78.3840
725 358 172.3540
725 269 78.8140
726 359 109.0070
726 727 78.9770
727 728 77.4990
727 1391 274.8940
728 729 77.5600
729 730 86.2320
729 4423 274.8100
730 1775 275.2540
730 1774 309.1020
730 731 84.2400
731 362 51.6740
731 732 80.2640
732 733 76.8860
732 3080 309.5040
733 734 78.4640
733 364 108.9210
734 735 78.8490
734 1194 310.6590
735 736 78.9470
735 366 156.8100
736 737 78.2730
736 2726 310.4550
737 738 84.1960
737 368 199.0500
738 739 85.7220
738 369 221.7580
738 1740 311.3280
739 740 79.5490
739 2062 273.1440
740 741 79.7750
740 2434 311.1800
741 370 272.1380
741 742 78.9070
742 1214 311.1470
742 743 79.5190
743 2065 273.0140
743 744 79.7840
744 2430 310.9470
744 745 79.9220
745 746 80.8680
745 1039 272.0770
746 2094 310.9580
746 747 77.9210
747 748 78.6100
747 2068 273.2100
748 2716 310.8630
748 749 79.9580
749 2070 273.5840
749 750 79.4030
750 3003 310.8830
750 751 79.8140
751 752 79.1700
752 912 310.7350
752 753 85.8900
753 754 89.4780
753 1065 310.9300
753 2073 273.7210
754 755 81.3150
754 261 248.2320
755 4414 250.1810
755 86 275.2840
756 2867 188.1660
757 141 155.0320
757 1321 79.6980
758 3866 25.2090
758 1317 80.6840
759 1931 79.4580
759 758 142.8210
760 1319 80.6500
760 761 214.9960
760 759 154.2360
761 762 229.4900
761 1935 78.9100
762 3245 560.1870
762 1322 80.1460
763 764 54.8470
763 1512 62.3170
764 765 79.1140
764 769 89.7020
765 650 37.4190
766 215 34.6190
766 214 54.9980
767 4478 49.7930
767 648 69.2590
768 767 125.2750
768 2572 73.3110
769 768 72.3130
769 765 38.6020
770 3406 10.0960
770 1802 267.6410
770 3404 83.1840
771 3403 24.9160
772 771 77.1110
772 2569 274.5830
773 772 77.2620
773 1309 229.4820
774 773 78.7620
774 1888 274.4100
775 274 79.9490
775 1781 272.3910
776 775 234.0480
777 778 85.7410
777 4287 143.9590
777 776 84.5380
777 1778 269.4040
778 779 77.8550
778 777 85.7410
779 778 77.8550
779 4291 111.7210
779 780 76.7980
780 781 77.7860
780 779 76.7980
781 780 77.7860
781 3749 81.1210
782 3749 74.8770
782 3565 111.9050
782 2895 271.4570
783 782 80.2450
784 783 85.4680
784 1743 275.1580
784 3390 262.2440
785 784 85.5920
786 785 78.8390
786 787 79.8130
787 3387 197.3480
787 786 79.8130
787 788 80.2090
788 789 79.2730
788 3230 274.3020
788 787 80.2090
789 788 79.2730
789 790 79.8010
789 3388 197.5680
790 789 79.8010
790 2432 274.3700
790 791 79.4570
791 792 79.7240
791 3389 198.5040
791 790 79.4570
792 791 79.7240
792 2096 274.6130
792 793 79.1070
793 794 76.7340
793 3380 196.8680
793 792 79.1070
794 793 76.7340
794 2717 272.9690
794 795 80.5630
795 794 80.5630
795 796 82.6400
796 3004 273.9530
796 795 82.6400
796 797 78.7600
796 3381 197.9060
797 798 79.7680
797 796 78.7600
798 797 79.7680
798 799 85.6170
798 916 273.8890
799 3440 227.5830
799 798 85.6170
799 800 83.8790
799 3220 274.0290
800 3001 273.5490
800 799 83.8790
800 801 81.2870
801 4471 130.1500
801 4150 77.5250
801 800 81.2870
802 1685 68.4700
802 907 111.3320
803 908 35.3370
803 802 103.5120
803 1572 186.2060
804 909 34.5320
804 803 48.2460
805 804 49.6700
805 944 99.6540
806 887 104.1070
806 805 92.5250
807 4396 62.0910
808 1211 33.3860
808 948 124.3260
808 807 49.3810
809 1151 86.2150
809 4409 73.6100
810 809 88.5170
810 3062 101.6440
811 1152 46.4440
811 810 56.6930
812 811 31.5220
813 1154 73.7340
813 1005 73.9730
813 1004 77.5920
813 812 93.6060
814 3276 37.1650
814 2099 46.0390
815 816 161.4980
815 26 73.1300
816 418 226.5200
816 3196 76.0140
817 818 125.6850
817 3091 77.0470
818 4354 148.9430
818 2958 76.4420
818 2899 75.4410
819 820 228.5580
819 2328 75.0530
820 3192 75.4330
820 821 213.4870
821 822 223.9640
821 2901 74.4200
821 3193 76.2460
822 3194 76.4000
822 2902 74.3380
822 823 227.6450
822 821 223.9640
823 2903 75.6120
823 22 127.6340
823 3195 75.0560
823 822 227.6450
824 22 101.4500
824 2904 75.4990
824 3457 63.7770
824 2736 156.3820
825 2522 305.8940
825 3456 61.5630
826 203 82.6830
826 2479 63.1350
826 204 227.1390
827 3076 270.3860
828 3157 66.3910
828 829 79.5750
828 37 79.6780
829 3773 98.4860
829 3273 118.4460
829 830 79.5940
829 828 79.5750
830 2249 275.3370
830 3772 97.2540
830 829 79.5940
830 831 80.0750
831 2250 276.2580
831 832 82.1020
831 830 80.0750
832 1908 109.8310
832 833 313.2790
832 831 82.1020
833 1910 159.8900
833 834 79.8970
833 2252 274.2560
833 832 313.2790
834 3770 171.2280
834 833 79.8970
834 835 87.6590
835 836 87.3720
835 435 233.3940
835 96 113.8780
835 834 87.6590
836 837 80.4860
836 835 87.3720
836 1037 133.6790
837 437 182.9640
837 838 80.4750
837 836 80.4860
838 2205 164.8620
838 839 80.4580
838 837 80.4750
839 439 136.4740
839 840 80.8020
839 838 80.4580
840 334 80.4320
840 839 80.8020
840 1916 172.1740
841 441 104.6200
841 10 86.3640
841 334 87.0700
841 63 143.4720
842 843 80.4290
842 10 79.6500
842 2202 118.5400
843 443 107.4860
843 844 81.9230
843 842 80.4290
844 1730 178.9330
844 20 80.1250
844 843 81.9230
845 2201 240.0910
845 846 87.7300
845 20 80.0740
846 446 120.8180
846 845 87.7300
846 847 85.6360
846 2200 241.2400
847 846 85.6360
847 848 77.8860
847 1241 240.8500
848 448 127.5030
848 42 81.5780
848 847 77.8860
849 449 128.0680
849 850 79.7430
849 42 79.0350
850 2199 147.9340
850 851 80.5960
850 849 79.7430
851 451 128.5450
851 852 79.4860
851 850 80.5960
852 2197 160.7720
852 853 79.6410
852 851 79.4860
853 854 79.5250
853 852 79.6410
853 453 128.9520
854 853 79.5250
854 454 125.8360
854 855 86.0850
855 3666 202.6330
855 856 86.0420
855 455 124.0740
855 854 86.0850
856 3785 133.5210
856 857 79.2860
856 855 86.0420
857 457 128.7110
857 858 79.6860
857 856 79.2860
858 2214 159.3230
858 859 80.6640
858 857 79.6860
859 860 79.9040
859 858 80.6640
859 459 129.2040
860 2215 158.7750
860 861 79.9400
860 859 79.9040
861 461 127.6970
861 862 78.7470
861 860 79.9400
862 2217 143.6820
862 863 80.4840
862 861 78.7470
863 463 114.7140
863 864 79.0880
863 862 80.4840
864 1806 142.7540
864 5 87.1930
864 863 79.0880
865 5 85.0500
865 1058 139.6380
866 4442 80.4700
867 866 156.1310
867 570 81.0490
867 3213 103.4300
868 867 96.6860
868 3748 164.0490
869 411 111.4530
869 2597 76.5280
870 869 178.7610
870 1773 86.0250
871 3058 77.8090
871 2893 74.8940
872 280 84.9800
873 3992 205.9470
873 1378 81.4840
873 1377 252.7160
874 4540 23.3610
874 4535 84.7050
875 4248 13.5660
875 3099 79.6680
876 4198 128.7890
877 878 265.1680
877 1720 79.9930
878 879 138.2440
878 1455 79.6270
878 1454 80.0410
879 2827 79.4480
879 1721 79.8670
880 881 38.1810
881 880 38.1810
881 3136 119.9650
881 882 81.7810
881 3297 133.1510
882 881 81.7810
882 542 96.6530
882 3111 129.6290
883 1808 176.4200
883 1809 130.7360
883 285 118.8510
883 542 117.0520
884 2738 83.8640
884 2737 176.6730
884 885 52.5640
884 285 122.1140
885 2738 82.7450
885 2131 84.7610
885 886 181.1380
885 884 52.5640
885 4070 85.7620
886 2132 85.3160
886 4328 81.4710
886 885 181.1380
887 910 35.4170
887 888 110.8700
888 1574 49.7480
889 143 138.6020
889 2396 571.4320
890 38 81.6130
890 1364 77.3020
891 4454 14.1380
891 1691 81.0010
892 1276 80.8310
892 1275 86.9310
892 891 150.0020
893 2959 81.3170
893 2149 87.1480
893 892 154.1160
894 893 138.8440
895 2150 87.1410
895 894 77.3040
896 895 76.5920
897 896 152.9430
897 1968 80.5930
898 3708 318.7370
898 1794 79.7260
898 2152 87.3080
899 2147 85.8310
899 715 309.9990
900 899 184.9260
900 1898 85.1890
901 567 47.0740
901 566 86.5860
902 568 73.9460
902 4433 26.2630
903 1584 69.9380
904 903 80.0230
904 1540 71.4820
905 904 138.4260
905 3187 68.1650
906 1685 146.5940
906 907 63.0550
907 942 135.4750
907 908 71.1320
907 802 111.3320
908 943 136.1720
908 804 33.0120
909 805 36.5660
909 887 65.6870
910 911 74.3590
910 888 80.9580
911 947 136.0310
911 3489 83.3060
912 2175 79.5820
913 752 273.9790
913 2072 78.8020
914 380 133.1130
914 1450 86.8280
915 914 274.0460
915 2176 80.8400
916 3220 85.2760
916 915 273.8980
917 2440 67.4310
917 3453 146.1820
917 4492 75.4860
918 3453 162.6960
918 919 125.3300
918 2571 65.5620
919 920 168.5820
919 2933 74.3450
919 918 125.3300
920 4363 78.0860
920 919 168.5820
920 921 178.1470
921 3419 27.6180
921 920 178.1470
922 923 25.0070
922 3419 79.2870
923 2755 78.3930
923 922 25.0070
923 2568 169.8960
924 1272 125.6870
924 1099 81.1620
924 1098 80.6120
925 665 79.8000
925 926 154.3300
926 3830 143.7330
926 2675 79.5900
927 928 145.5510
927 3222 79.7130
928 929 154.2650
928 668 79.5240
929 930 215.7390
929 2977 79.5270
930 670 79.3160
930 931 228.1360
931 302 216.0140
931 3223 79.4730
932 1064 82.4820
932 3552 146.2450
933 1749 80.0910
933 934 154.3100
934 2677 78.8580
934 3836 144.2450
935 3225 78.6570
935 936 144.8550
936 937 154.4570
936 1752 80.1190
937 2978 78.9820
937 938 216.0110
938 1754 80.1530
938 939 227.9270
939 306 216.3620
939 3226 79.0930
940 2605 72.7610
940 941 275.4300
941 1949 108.4890
941 297 124.4240
942 907 135.4750
942 705 72.0400
942 704 76.0300
943 942 70.2100
944 618 40.1330
945 2762 151.0610
945 944 33.7750
946 4468 13.0490
946 910 137.1590
946 806 46.5610
947 807 84.5650
947 946 76.7240
948 947 58.6170
948 4489 10.4600
949 4488 24.6880
949 3284 136.7320
950 949 73.0330
950 1578 121.5550
951 950 73.4280
951 3280 136.4890
952 951 76.1410
952 1580 69.0880
953 952 73.4950
954 1417 95.4980
954 953 36.1010
955 1764 133.7680
955 424 149.6330
956 1764 172.2430
956 955 82.5110
957 956 24.7920
957 958 56.4230
958 959 61.4690
958 957 56.4230
958 2492 91.3270
959 960 133.9890
959 958 61.4690
959 1212 64.9320
959 31 252.3340
960 959 133.9890
960 3493 75.1110
961 1487 74.4350
961 4390 68.0990
962 961 86.2840
962 1711 71.5830
962 1784 76.8350
963 1789 99.7200
963 257 258.5870
964 1311 24.5230
964 963 210.7220
965 602 78.9290
965 4118 142.6300
966 1706 137.7790
967 3910 143.4530
967 968 43.4050
968 969 68.0420
968 4126 141.7000
969 1703 137.2000
969 970 74.2770
970 1702 137.3100
970 4139 141.1590
970 971 71.7430
971 4134 140.9170
971 972 76.2910
972 1700 137.5480
972 973 76.8350
973 4326 76.4000
973 4131 141.4230
974 1697 137.9150
974 230 79.4570
975 4090 10.6140
975 1770 51.3880
976 4116 140.9630
976 1708 138.7720
977 3043 108.5490
977 1000 98.0280
977 632 100.0920
978 226 83.3770
979 978 151.0640
979 980 76.3870
979 4321 86.2570
980 2839 113.9330
980 981 76.0600
981 3600 96.8920
982 981 71.9270
982 3599 96.9360
982 3045 111.6110
983 982 73.2330
983 2146 110.0390
984 983 68.4700
984 3598 98.5320
985 984 43.8810
985 634 100.2350
986 1828 110.1730
987 599 79.2690
987 3596 99.3490
988 699 21.0280
988 1994 157.7150
989 1652 30.6800
989 988 75.2450
990 1652 73.1620
990 2243 164.1610
990 3039 122.2450
990 989 69.4420
991 1189 123.7750
991 990 80.0190
992 2242 163.1040
992 991 77.1430
993 992 75.3160
993 2926 123.0820
994 2240 164.8820
994 406 80.7460
995 2592 134.7320
995 994 80.8480
996 224 29.6180
996 1955 138.8360
997 996 50.6890
997 680 79.1870
998 997 75.5310
998 1019 129.2710
999 998 72.9830
999 678 88.5490
1000 1768 116.6250
1000 4087 74.2200
1000 999 87.1400
1001 710 46.5120
1001 1002 73.9480
1001 1663 61.5330
1002 1003 76.0190
1002 711 108.9240
1002 1001 73.9480
1003 1004 75.4220
1003 1002 76.0190
1003 1152 104.5360
1004 1003 75.4220
1004 813 77.5920
1005 1006 60.0390
1005 813 73.9730
1006 1007 57.2220
1006 1005 60.0390
1006 1945 107.6380
1007 1006 57.2220
1007 3186 155.1090
1007 566 75.4730
1008 1420 48.3870
1009 1010 72.2710
1009 2023 30.6410
1010 1971 104.2410
1010 1011 100.0290
1010 1009 72.2710
1011 2305 51.2430
1011 4151 21.7450
1011 1010 100.0290
1012 1013 83.9330
1012 3207 75.1650
1012 3206 76.3510
1013 1113 78.4940
1013 1114 78.7290
1014 1393 67.2490
1014 4079 110.6800
1015 1014 54.0420
1016 1015 77.3350
1016 1832 71.9790
1017 1016 146.7990
1017 1395 77.3910
1017 2156 71.3680
1018 1017 129.2300
1018 1396 77.1910
1019 3042 73.4220
1019 1018 141.1360
1020 679 84.5990
1020 2238 72.6290
1021 1020 163.7190
1021 1398 76.7460
1022 4121 16.5950
1022 1400 67.5440
1023 1025 64.9430
1023 3806 56.5700
1024 1023 44.6210
1025 3268 47.8840
1025 1024 53.2550
1026 1027 154.4540
1026 2726 78.3820
1027 3664 144.6250
1027 2662 84.3000
1028 2772 78.6370
1028 1029 157.5520
1029 2967 85.8690
1029 1030 80.1270
1030 1031 132.6810
1030 1029 80.1270
1031 1032 171.4010
1031 1030 132.6810
1031 2344 79.1000
1032 3755 64.4580
1032 3751 19.8870
1032 2645 170.7020
1033 4344 13.8980
1034 1357 86.6270
1034 1358 80.6000
1034 1035 273.2560
1035 2407 86.7850
1035 1036 273.2930
1036 2254 80.4590
1036 3948 47.6310
1037 96 89.6520
1037 2203 82.4920
1038 745 311.2260
1038 2430 79.9010
1039 373 72.5160
1039 2066 79.6270
1040 1444 79.9080
1040 1041 273.2440
1041 1042 273.6460
1041 2431 79.8600
1042 2096 79.7840
1042 791 273.8530
1044 1045 85.2290
1044 4400 84.9810
1044 4185 265.7230
1045 1046 79.3540
1045 1044 85.2290
1046 4164 267.5910
1046 1045 79.3540
1047 578 74.1890
1047 2870 71.6210
1048 741 311.5140
1048 2434 79.1200
1049 1050 273.7420
1049 1441 79.6900
1050 1051 273.8500
1050 2435 79.6580
1051 3230 80.4610
1051 787 274.9850
1052 1053 71.6740
1053 1052 71.6740
1053 2546 80.2140
1054 1055 137.5310
1054 0 85.9770
1054 1374 80.3950
1055 2824 80.0780
1055 1 86.4420
1055 1056 135.2910
1056 1057 272.6000
1056 2 86.2620
1057 3943 239.5860
1057 2273 79.3290
1058 2219 78.5580
1059 4054 10.4900
1059 4062 30.3810
1059 4058 18.7850
1060 4054 116.5510
1060 282 122.7610
1060 2615 209.6590
1061 538 124.5140
1061 1807 209.8750
1061 282 117.3950
1062 2083 140.4890
1062 2181 69.7790
1062 1063 82.2960
1063 2180 129.8540
1063 1064 77.5480
1063 1062 82.2960
1064 1063 77.5480
1064 932 82.4820
1065 1066 154.9840
1065 912 85.5160
1065 753 310.9300
1066 1065 154.9840
1066 3826 144.3530
1066 2671 87.4470
1067 3264 87.0970
1067 3826 19.9290
1067 1068 146.8350
1068 1067 146.8350
1068 2443 85.8680
1068 1069 153.4570
1069 2974 87.8300
1069 1070 216.7200
1069 1068 153.4570
1070 2355 85.0190
1070 83 76.2620
1070 1069 216.7200
1071 1072 37.8810
1071 4227 216.9900
1071 2140 86.4830
1071 3182 85.4230
1072 1071 37.8810
1073 663 156.0940
1073 3176 113.9360
1074 3805 18.3610
1074 4175 15.6290
1074 2751 85.0010
1075 1458 207.1880
1075 3805 95.9730
1075 1076 93.2340
1076 1077 93.7100
1076 2035 106.4020
1076 1075 93.2340
1077 1076 93.7100
1077 1459 110.6930
1077 627 93.3880
1078 1460 13.2490
1078 1079 25.5980
1078 627 93.5990
1079 1080 68.5590
1079 1078 25.5980
1079 1461 58.0890
1079 1460 21.5520
1080 1461 35.5350
1080 1079 68.5590
1080 1081 93.6220
1081 1926 51.6960
1081 1082 95.4970
1081 1080 93.6220
1082 1081 95.4970
1082 1926 80.2870
1082 1463 135.4500
1082 1083 85.1690
1083 1084 85.8340
1083 2092 137.1410
1083 1464 135.7730
1083 1082 85.1690
1084 1085 80.4270
1084 1083 85.8340
1084 2093 139.0460
1085 250 69.7500
1085 1086 79.6830
1085 1084 80.4270
1086 1085 79.6830
1086 1466 111.5800
1086 1087 81.0860
1087 1088 315.5600
1087 1086 81.0860
1088 1089 80.5030
1088 1087 315.5600
1089 1468 126.6330
1089 1088 80.5030
1089 2009 87.5220
1090 2010 21.6820
1090 1091 80.1520
1090 2009 87.0950
1091 1090 80.1520
1091 1092 79.4670
1092 1501 48.7890
1092 1091 79.4670
1092 1093 80.8370
1093 1094 79.8090
1093 1092 80.8370
1094 1093 79.8090
