0 1006 85.9770
0 1321 85.5590
0 1 137.8230
1 1750 84.5720
1 1007 86.4420
1 0 137.8230
1 2 135.1050
2 1751 85.2330
2 3 272.6320
2 1 135.1050
3 1009 85.8960
3 2 272.6320
3 3698 200.5450
4 418 95.6520
4 5 54.8500
4 3698 20.2910
5 6 143.5570
5 816 87.1930
5 4 54.8500
6 5 143.5570
6 1010 85.3180
7 2354 86.2350
8 7 273.4690
8 2201 80.6480
9 3684 17.0960
9 395 86.2080
10 9 105.5530
10 794 79.6500
10 793 86.3640
11 10 128.5130
11 57 87.7580
11 2146 81.1130
12 3811 38.5660
12 3808 42.4480
12 222 250.2400
13 2370 201.1820
13 14 239.7450
14 15 127.5850
15 2830 90.6200
15 4213 215.9590
16 103 80.6260
16 1309 80.0500
17 1675 80.0770
17 16 270.9690
18 17 273.3500
18 2202 81.1350
19 3700 16.9100
19 398 80.1350
20 19 109.5180
20 797 80.0740
20 796 80.1250
21 20 216.0440
21 1677 88.2680
21 2145 85.0970
22 776 101.4500
22 775 127.6340
23 2223 96.9760
23 3404 269.0390
23 1873 171.1230
24 25 83.1820
24 3404 18.3130
24 3758 247.7570
25 24 83.1820
25 2338 169.2320
25 3746 246.5670
26 1763 77.0390
26 27 313.6560
27 953 39.8210
27 663 82.5770
28 31 20.4130
28 3073 159.8410
29 28 59.0620
30 29 71.2380
30 2426 78.1700
30 32 22.5700
31 253 61.0660
31 28 20.4130
31 911 252.3340
31 32 128.4100
32 4078 281.0950
33 1296 80.4400
34 379 94.2140
34 3711 25.3700
35 34 154.4980
35 3727 81.1290
36 4097 79.0490
36 3989 81.1450
37 36 274.7090
37 4043 98.3400
37 780 79.6780
37 3903 80.6640
38 842 81.6130
38 1311 79.5180
38 39 271.9540
39 40 273.1810
39 1780 79.7690
40 3710 130.4370
40 1642 79.9520
41 42 127.1100
41 402 81.0030
42 43 215.9790
42 801 79.0350
42 800 81.5780
43 1643 94.1090
43 1782 84.1890
44 3674 28.4540
44 3291 109.3040
44 1694 171.4230
45 3291 20.8720
46 1789 86.0040
47 48 115.5490
47 342 47.2490
48 49 135.8900
48 3115 62.5260
49 50 88.2600
49 2808 36.4780
50 2808 97.5560
50 2434 79.3870
51 4073 46.4510
52 722 84.1270
53 4267 103.3730
53 1095 101.1870
53 4113 177.5010
53 3334 15.5320
54 109 55.3210
54 3550 86.7370
55 3215 189.7290
56 254 55.6650
57 3550 12.3270
57 11 87.7580
57 793 143.4720
57 290 87.7830
58 2883 146.8550
58 3080 79.9370
59 3531 23.2890
59 1280 79.9080
60 3096 32.4250
61 2652 140.9820
61 1605 84.1730
61 2251 86.2120
62 2252 77.6680
62 3572 41.2140
63 1181 15.8100
63 121 82.3700
64 3356 193.0060
64 2334 18.8750
65 214 328.2810
65 1737 166.1920
66 4190 3.4210
67 3978 152.0380
67 68 84.8320
67 1022 76.2620
68 3167 150.6190
69 2019 83.0890
69 4145 187.4400
69 707 275.2840
70 3168 134.9940
71 2666 81.5700
72 2665 75.4580
73 3520 50.3420
73 285 39.1790
74 4209 32.0730
75 3541 123.1920
75 787 113.8780
75 989 89.6520
76 3348 135.8600
76 2299 78.9800
77 3857 29.4220
77 2911 214.3120
78 2786 141.2360
79 4171 101.3600
80 3264 19.6460
81 1308 85.6990
81 1859 274.1680
81 248 323.9260
82 3503 35.3820
82 3504 62.0810
83 1512 73.9180
83 1466 130.4990
84 4164 273.3090
84 1301 79.3230
84 1300 77.9630
85 110 90.2220
85 841 164.7500
85 2360 271.5940
85 1316 86.9050
86 3495 147.4900
87 86 119.8110
88 4264 13.5960
88 3496 170.8360
89 3500 6.4720
90 3358 176.0080
90 3966 290.0350
91 1264 131.0540
91 1502 76.8130
91 4098 134.9180
92 1513 160.9850
92 2109 87.9970
93 65 163.2970
94 254 77.3100
94 3492 129.4950
94 2790 81.5400
95 111 10.7800
96 537 77.5120
96 97 136.9380
97 3671 28.6200
98 4046 6.2360
99 2747 79.3130
99 3510 144.2920
100 99 66.0970
101 136 163.6660
101 100 47.9530
102 1247 87.3620
103 1310 88.1820
103 16 80.6260
103 2355 271.5930
104 66 72.6610
105 1645 138.1160
105 4059 77.5950
106 1785 28.4640
107 596 14.5320
108 1878 80.4850
109 3987 54.7000
109 54 55.3210
110 85 90.2220
110 2361 271.7000
110 114 230.0540
111 96 78.2190
112 3901 17.2110
112 3560 324.8950
112 3902 69.9760
113 89 180.1820
114 1317 84.7000
114 110 230.0540
115 3363 31.2120
116 884 133.9560
117 109 47.5910
118 2582 114.1330
118 173 167.7380
118 1340 90.3810
119 4190 119.4950
120 92 49.7030
121 3494 230.4280
122 4023 13.2700
122 3574 259.0510
122 2684 76.3890
123 124 34.7120
123 3730 357.9300
124 123 34.7120
124 2826 35.5730
124 135 339.3630
125 4162 504.8580
126 2335 44.9060
127 3335 79.3350
127 1161 62.0700
127 2431 76.4640
128 3734 40.1480
128 3527 229.5830
129 130 79.4510
129 3655 107.7220
130 3655 195.9040
130 3175 92.0780
131 4259 388.8150
132 3078 78.4420
132 3799 14.9420
132 2284 132.3730
133 3160 263.8160
133 3486 133.8830
134 135 111.2100
135 134 111.2100
135 3741 191.9280
135 124 339.3630
136 4065 3.0140
137 82 84.0180
138 1121 117.0480
139 291 39.8040
139 2254 51.0430
140 264 204.4010
141 140 165.3100
142 456 80.3650
142 3434 18.3080
142 143 132.4210
143 457 88.6950
143 144 80.8220
143 142 132.4210
144 143 80.8220
144 145 82.3460
144 2150 225.2220
145 459 123.3910
145 144 82.3460
145 146 78.5130
146 145 78.5130
146 147 82.6020
146 2152 173.2780
147 461 157.5550
147 146 82.6020
147 148 118.1770
148 462 183.9090
148 149 227.8820
148 3971 105.5310
148 147 118.1770
149 148 227.8820
149 150 76.2990
149 464 233.2990
150 151 77.0700
150 2775 89.1460
150 149 76.2990
151 150 77.0700
151 152 79.3350
152 153 76.6100
152 151 79.3350
152 1285 126.6500
153 468 170.3290
153 152 76.6100
153 154 79.4400
154 153 79.4400
154 155 79.0150
154 529 200.3820
155 154 79.0150
155 156 54.5180
155 470 148.7720
156 155 54.5180
156 157 80.4140
157 472 134.1040
157 156 80.4140
157 158 73.0500
158 3239 98.3270
158 3225 79.3080
158 157 73.0500
159 295 196.4020
159 3242 77.9700
159 160 108.2200
160 2421 85.5160
160 778 82.6830
160 161 141.0760
160 159 108.2200
161 160 141.0760
161 162 142.9210
162 163 199.1220
162 3082 81.2110
162 161 142.9210
163 162 199.1220
163 3805 76.2860
163 164 247.4850
164 1500 310.5580
164 4237 244.5480
164 302 86.8920
164 163 247.4850
165 166 214.6340
166 3236 39.3090
166 3203 75.9760
167 2434 39.8160
168 2057 78.8340
168 3116 37.3830
169 2999 32.4650
169 170 89.5980
170 2428 30.3560
170 2059 66.9110
171 2382 76.4710
171 172 59.9240
171 4218 67.9150
172 173 158.1410
172 718 34.6190
173 174 73.6850
173 2525 90.1430
173 118 167.7380
174 2526 87.5840
174 175 150.7040
175 176 89.2840
175 2528 75.2120
176 177 51.7380
176 2755 76.6030
177 2103 66.8240
177 2102 75.0550
177 178 85.3260
178 179 31.4160
179 1951 59.8860
179 180 114.0330
180 1900 44.9550
180 181 137.8220
181 947 52.1130
181 633 71.7240
182 1130 87.2140
182 183 113.7050
182 2977 83.9550
182 2065 225.5730
183 4255 42.3110
184 4254 15.2480
184 185 58.4780
185 591 78.7280
185 4214 29.6890
186 1644 81.2250
186 187 138.0170
187 3725 213.1610
187 188 141.9200
188 3890 15.5630
188 2893 228.7470
189 306 113.6920
189 3094 74.3920
190 189 310.4790
190 671 74.3910
191 1975 74.4310
191 190 273.9420
192 191 274.2230
192 1373 74.2710
193 2467 74.1840
193 192 277.6570
194 193 269.9080
194 2394 73.7840
195 3480 83.7050
195 1150 85.9370
195 196 74.3260
196 3317 63.1360
196 2087 76.0440
196 4110 64.1760
196 195 74.3260
197 1746 84.7590
198 674 78.3370
198 197 310.5620
199 198 273.8930
199 1747 84.6000
200 199 273.7760
200 1375 78.5790
201 1748 84.7100
201 200 294.2300
202 3062 78.4970
202 201 270.1260
203 3282 22.6840
203 3279 164.2550
204 205 132.3550
204 2464 77.6900
204 3237 145.5970
205 3770 21.8360
205 204 132.3550
205 3774 89.2920
206 1590 86.5890
207 206 79.3730
207 2810 128.5530
208 2811 168.4880
208 207 79.2610
209 208 79.1490
209 2812 203.2010
210 209 452.8670
210 1857 109.3530
211 1156 131.6910
211 2771 78.7350
211 210 496.0460
211 1857 396.6450
212 3523 52.2580
212 2978 84.3010
213 214 149.8620
213 212 77.6390
213 915 258.5870
213 1737 127.1460
214 213 149.8620
214 215 75.7460
215 214 75.7460
215 3343 211.1780
216 2609 155.0360
216 1017 87.8380
217 216 62.3820
218 1117 80.0590
218 1761 79.3310
219 218 134.2440
219 3804 80.3410
219 1086 53.6720
220 219 97.3190
220 1086 113.1540
220 1762 83.9680
221 487 51.4220
221 486 134.5140
221 222 84.6420
222 221 84.6420
222 3090 159.1140
223 1831 79.1310
223 224 170.9020
224 225 139.6310
224 313 85.0530
225 678 78.4810
225 226 274.0030
226 1832 78.6390
226 227 273.6590
227 4148 79.0060
227 228 276.8900
228 1833 77.0440
228 229 270.6470
229 1728 79.6070
230 726 80.3780
231 3862 192.7700
231 1758 86.3040
231 2544 78.3800
232 3806 12.1210
232 233 29.0110
232 488 176.2870
233 3831 24.2470
234 235 78.3270
234 3831 77.3880
235 236 78.9250
235 234 78.3270
235 823 243.4830
236 491 228.4160
236 235 78.9250
236 237 85.3590
237 1012 122.7610
237 1013 117.3950
237 238 209.9670
237 236 85.3590
238 1754 118.9250
238 2553 121.8680
238 239 176.2950
238 237 209.9670
239 1755 118.9790
239 238 176.2950
239 2675 122.1140
239 240 176.6710
240 241 131.0610
240 835 118.8510
240 836 122.1140
240 239 176.6710
241 242 129.4140
241 3154 90.4450
241 1756 118.7620
241 240 131.0610
242 241 129.4140
242 2581 27.2810
242 3154 156.8310
243 244 78.5980
243 1960 88.2910
244 243 78.5980
244 4123 49.1890
244 245 79.3280
245 246 80.6990
245 244 79.3280
246 1052 83.1890
246 247 152.4200
246 245 80.6990
247 4162 11.3670
247 246 152.4200
247 1961 55.1170
248 2063 973.0580
248 1133 85.6200
248 81 323.9260
248 2342 271.8450
249 504 167.5300
249 3775 21.5100
250 3767 73.2930
250 1743 235.4940
251 1742 99.0250
251 250 106.7430
252 251 87.9050
253 31 61.0660
253 1711 86.3360
253 910 217.8800
254 94 77.3100
254 1548 217.3450
254 255 80.1360
255 2948 69.8340
255 254 80.1360
255 256 77.3690
256 623 213.7080
256 4219 64.0860
256 255 77.3690
256 257 81.0620
257 258 79.5620
257 256 81.0620
258 257 79.5620
258 259 79.5450
259 258 79.5450
259 260 78.7710
259 2752 216.0580
260 1702 215.9680
260 261 79.9530
260 259 78.7710
261 260 79.9530
261 262 79.3940
261 4074 214.3620
262 3153 216.4430
262 261 79.3940
262 263 80.5010
263 262 80.5010
263 264 79.6500
263 3351 222.7250
264 2500 216.4030
264 263 79.6500
264 265 86.2960
265 3653 181.7390
265 1541 216.7150
265 264 86.2960
265 266 86.7180
266 267 81.5370
266 3654 178.9410
266 1852 216.8540
266 265 86.7180
267 3350 219.0370
267 268 80.9760
267 266 81.5370
268 3491 225.8990
268 641 217.3070
268 269 81.1080
268 267 80.9760
269 270 78.2870
269 268 81.1080
269 3490 229.0700
270 2663 215.4130
270 271 80.6500
270 269 78.2870
270 4171 220.8270
271 270 80.6500
271 272 87.7470
272 3169 215.8700
272 271 87.7470
272 2960 227.4150
272 273 84.7240
273 1828 226.8400
273 274 79.7390
273 272 84.7240
274 3010 216.6560
274 275 82.5810
274 273 79.7390
275 1926 226.7920
275 276 80.3040
275 274 82.5810
276 2784 216.7730
276 277 81.1810
276 275 80.3040
277 1356 226.8310
277 278 80.1170
277 276 81.1810
278 3170 216.7770
278 279 86.9410
278 277 80.1170
279 278 86.9410
279 280 85.4550
279 512 178.1300
279 511 217.2460
280 3087 217.0050
280 279 85.4550
280 281 79.5630
281 2578 225.5190
281 280 79.5630
281 282 80.0220
282 1555 217.2630
282 281 80.0220
282 283 79.4440
283 282 79.4440
283 284 78.7210
283 1556 293.4790
284 3171 216.3700
284 283 78.7210
284 285 84.1920
285 73 39.1790
285 284 84.1920
286 1859 75.5080
287 286 273.5380
287 2200 87.0450
288 3715 18.2040
288 394 81.9530
289 288 106.4850
289 793 87.0700
289 792 80.4320
290 289 156.2980
290 1861 81.9300
290 57 87.7830
291 139 39.8040
291 2253 79.4590
292 291 140.9880
292 2418 88.6640
292 3126 79.5570
293 292 133.9570
293 1075 79.4920
293 1076 88.3070
294 2874 79.4600
294 2419 88.1850
294 293 118.6130
295 294 89.4730
295 476 82.8860
295 477 91.0750
296 159 85.4250
296 2421 116.3330
297 296 83.8930
298 3243 52.4150
298 3240 92.3570
299 3834 85.0730
299 2421 85.8190
299 297 112.5580
299 300 398.6850
300 3577 103.0800
301 302 224.5850
301 300 250.4110
302 3724 328.2670
302 164 86.8920
303 1845 73.4120
303 1908 181.9820
304 303 78.6840
304 4174 144.7340
305 304 77.9220
305 3094 137.2020
306 4175 191.6440
306 305 77.9990
307 306 76.7220
307 2392 91.2180
308 307 83.7380
308 4185 236.7180
309 1746 43.7960
309 308 88.8110
309 2589 110.8940
310 674 261.5070
311 607 78.7970
311 310 84.7150
312 676 202.5280
312 311 82.8190
313 312 84.5560
313 1831 138.0010
314 1726 201.6420
314 224 85.5920
315 314 83.5000
315 679 79.3400
316 2395 259.6570
317 2001 222.6790
318 684 80.9300
318 317 85.5020
319 318 83.2390
319 2003 165.0360
320 319 81.3980
320 686 132.4550
321 320 82.7990
321 2004 117.3640
322 321 80.4460
322 688 177.6810
323 2006 75.4710
323 322 82.2830
324 323 87.2680
324 690 221.7580
324 1688 51.1670
325 1001 274.6000
325 2008 80.1880
326 1390 231.9100
327 2011 60.8960
328 992 203.0820
329 2012 76.6470
330 1393 194.6550
331 2014 83.2640
332 1395 184.5080
333 2016 100.7400
334 865 140.7520
335 1398 98.9900
335 2018 174.7640
336 2019 209.2190
337 3479 12.2960
337 3477 67.4550
338 378 92.8450
338 1494 102.4340
338 337 161.3460
339 338 206.8420
340 339 111.5680
341 340 37.5800
342 341 26.8660
343 1789 119.3180
343 47 86.2360
344 2053 129.7910
344 343 69.0150
345 3074 127.0420
345 344 11.1920
346 345 63.0720
346 2047 138.4120
347 3476 67.3890
347 3766 139.1870
347 346 66.6010
348 2509 163.8170
348 3315 66.5460
349 348 73.1550
350 599 116.9510
350 349 69.2480
351 350 69.5960
351 2525 146.4490
351 3004 169.9720
352 2780 174.0980
352 351 77.6230
353 352 76.5320
353 2527 146.3270
354 353 77.0320
354 3072 176.7470
355 354 80.0450
355 2529 151.7710
356 355 68.0250
357 356 33.4030
357 2104 82.5770
357 2103 156.9130
358 357 70.3740
358 1953 80.6740
359 358 122.1090
359 2972 81.7300
360 945 80.5050
360 359 122.9450
361 2183 80.6920
361 360 162.3940
362 2863 80.5830
362 361 160.3510
363 3885 15.5070
363 2801 83.4450
364 3787 90.2560
364 2534 115.2210
365 2081 81.5580
365 364 78.2040
366 365 80.5220
366 2535 111.0970
367 2865 80.6400
367 366 78.7580
368 367 75.6010
369 1906 122.1830
369 368 65.8570
370 369 68.9430
370 2536 128.0630
371 370 74.6500
371 2842 228.9570
372 769 106.8820
372 371 75.1340
373 3123 195.9130
373 372 79.7830
374 373 86.3330
374 2668 104.7970
375 374 86.1380
375 1623 127.2140
376 1844 93.9560
376 2093 78.9220
376 375 93.1760
377 909 136.2700
377 2442 52.7510
378 377 110.2240
379 3727 203.9930
379 3868 70.2600
380 34 90.8060
380 3726 109.6020
381 380 93.0950
381 2345 64.2310
382 381 132.0460
382 2345 114.8680
383 2346 22.9920
383 382 51.7460
384 383 91.5390
384 1929 201.2150
385 624 158.3760
385 384 90.4630
386 3712 21.8990
386 385 90.0930
387 386 89.5740
387 3803 76.3550
388 3691 21.5410
388 387 87.9150
389 787 233.3940
389 3677 96.9480
389 2196 41.2590
390 788 205.6440
390 389 91.5380
391 3681 18.7920
391 390 83.5300
392 790 159.4970
392 391 82.5170
393 3687 18.7340
393 392 85.3180
394 792 116.6220
394 393 82.3070
395 793 104.6200
395 3678 17.3000
395 288 87.0280
396 794 105.6790
396 9 80.2030
397 3719 16.5580
397 396 79.5130
398 796 108.0900
398 397 82.2710
399 797 115.3690
399 19 79.6160
400 798 120.8180
400 3692 16.6880
400 399 88.8910
401 799 127.2990
401 400 84.1600
402 401 79.4950
402 3717 17.0790
403 41 78.6560
403 3699 17.2010
404 802 128.8070
404 403 80.8140
405 404 79.9940
405 3708 17.5400
406 804 128.8550
406 405 80.1540
407 3721 17.7700
407 406 78.8790
408 407 80.2910
408 3689 25.0160
409 807 124.0740
409 408 85.6570
409 3716 22.8280
410 808 126.7740
410 409 84.2020
411 410 81.6130
411 3705 16.6700
412 810 129.6830
412 411 79.6080
413 412 79.9670
413 3690 16.7370
414 812 128.2050
414 413 77.8050
415 414 80.6610
415 3714 17.8430
416 814 127.4370
416 415 80.6800
417 416 81.3090
417 3680 20.5340
418 816 93.6520
418 417 81.6720
419 4 94.8610
419 817 19.0220
420 2164 135.4300
420 3556 79.9150
421 2165 117.4030
421 420 76.4990
421 4049 16.7110
422 2166 135.5420
422 421 83.1970
423 422 79.5170
423 3400 17.9690
424 826 166.8480
424 423 79.6380
425 424 79.6850
425 3402 17.8470
426 425 80.8920
426 4227 192.4340
427 3759 87.7280
428 2338 83.4080
428 24 170.6110
429 428 79.0240
429 3405 20.5930
429 1784 162.4550
430 1784 146.2430
430 429 71.4800
431 430 79.7980
432 1797 262.1200
432 431 76.7610
432 3407 18.3030
433 537 261.2650
433 432 80.5880
433 3408 18.3110
434 1173 261.3110
434 433 79.7040
434 3409 18.3120
435 434 165.7450
435 3411 18.3140
435 1887 225.3880
436 2168 181.9820
436 3413 78.1220
437 436 80.5320
437 3964 428.3710
438 2169 194.9500
438 437 78.5690
439 438 78.8590
439 3416 18.3120
440 439 79.1420
440 2170 182.8380
441 440 80.9330
441 3418 18.3140
442 2171 142.2980
442 441 78.6230
443 3420 18.3060
443 442 78.1660
444 1212 134.2530
444 443 86.9160
444 3421 18.0330
445 444 84.5970
445 3422 18.3080
446 2174 116.7460
446 445 79.0830
447 446 79.9210
447 3424 18.3070
448 1223 128.9980
448 447 77.4200
449 448 79.9220
449 3426 18.3040
450 449 78.9390
450 2154 157.2330
451 450 79.5870
451 3428 18.3070
452 451 79.2980
452 2156 269.3580
453 3430 18.3080
453 452 165.6190
454 453 83.4890
454 3431 18.3030
455 2979 38.0710
455 3564 56.3250
456 455 75.9070
456 3972 82.9130
456 3433 18.3000
457 142 79.1820
457 3435 18.3110
458 144 106.2540
458 457 78.8510
459 458 80.2930
459 3437 18.3020
460 459 75.4170
460 146 140.6060
461 460 82.3110
461 3439 18.3070
462 148 183.9090
462 461 95.7200
462 3440 18.3060
463 462 87.2870
463 3441 18.3070
464 463 153.7230
464 149 233.2990
464 3442 14.4810
465 3968 13.9980
465 1067 75.8690
465 3969 46.3130
466 3969 39.6660
466 467 87.7560
466 151 229.9300
467 152 189.0970
467 468 80.9650
467 466 87.7560
468 1069 100.5100
468 467 80.9650
468 469 84.1070
469 470 84.1380
469 154 158.3050
469 468 84.1070
470 471 86.7580
470 469 84.1380
470 2871 38.1640
471 156 140.1930
471 472 84.5220
471 470 86.7580
472 1607 84.3000
472 473 71.2210
472 471 84.5220
473 158 128.9750
473 474 17.7700
473 472 71.2210
474 475 79.2960
474 473 17.7700
475 474 79.2960
475 2873 122.5330
475 476 84.9590
476 295 82.8860
476 3242 166.1780
476 475 84.9590
477 478 70.9940
477 295 91.0750
477 2419 73.8540
477 2420 84.4700
478 477 70.9940
478 479 78.8550
479 1795 94.7240
479 480 74.0340
479 478 78.8550
480 2876 105.4840
480 481 80.0860
480 3089 85.0110
480 479 74.0340
481 2877 116.3910
481 480 80.0860
481 482 56.0380
482 2569 84.9290
482 483 114.1240
482 481 56.0380
483 484 135.0390
483 482 114.1240
483 1499 86.8100
484 483 135.0390
484 2935 84.7860
484 485 137.8960
485 486 26.0860
485 3090 83.4040
485 484 137.8960
486 221 134.5140
486 485 26.0860
486 3055 106.9780
487 3808 79.3200
487 221 51.4220
488 2372 180.4840
488 232 176.2870
488 3811 117.6390
489 824 160.6670
489 490 169.6580
489 3830 91.9220
490 824 130.5550
490 491 81.5180
490 489 169.6580
491 3576 33.5740
491 490 81.5180
492 1013 124.5140
492 493 129.8850
492 1014 100.4360
492 2125 99.6450
492 3576 52.5690
493 492 129.8850
493 494 80.6920
493 2028 141.2310
494 2554 98.4170
494 1754 119.8990
494 493 80.6920
494 495 176.3790
495 1755 117.7040
495 494 176.3790
495 496 176.7460
495 3041 99.0640
496 834 96.6530
496 495 176.7460
496 835 117.0520
496 497 131.2000
497 3042 108.9870
497 4239 22.9240
497 496 131.2000
497 1756 104.2450
498 499 92.8430
498 2867 190.8840
498 4239 85.5990
499 498 92.8430
499 500 86.4320
500 616 101.7550
500 501 96.4680
500 499 86.4320
501 502 85.9230
501 3105 66.2280
501 500 96.4680
502 3773 68.5430
502 501 85.9230
502 2646 42.4030
503 3832 18.0560
503 205 81.4830
503 2464 151.7920
504 3768 11.8910
505 2851 87.6380
505 506 154.4700
506 3625 145.0070
506 2622 85.0000
506 505 154.4700
507 3625 23.7670
507 508 142.4400
507 3086 84.9190
508 507 142.4400
508 509 154.7650
508 2729 88.0810
509 2919 84.7400
509 510 215.5620
509 508 154.7650
510 2310 88.0620
510 509 215.5620
510 511 228.3460
511 279 217.2460
511 510 228.3460
511 3087 84.4910
512 1918 55.5070
512 513 48.9900
512 279 178.1300
513 512 48.9900
513 2963 85.2360
513 2962 87.0150
514 167 49.6650
515 2054 50.2150
516 517 310.5530
516 1889 81.4160
517 518 273.1130
517 666 87.8620
518 1890 80.6990
518 519 212.1150
519 960 75.4080
519 959 75.4730
520 521 79.5190
520 960 40.9900
521 520 79.5190
521 1533 129.9250
521 522 139.0350
522 1533 69.1520
522 4169 53.7130
523 819 81.0490
523 3091 87.6950
523 524 121.0920
524 820 84.2490
525 526 139.2500
525 2251 80.4710
525 2250 79.7510
526 527 134.0560
526 3106 82.6020
526 3135 80.6790
527 1070 82.6830
527 1069 80.7760
527 528 116.6800
528 469 12.3090
528 2871 82.3810
529 2886 102.4220
530 531 25.6300
530 3742 51.6670
531 3986 56.3070
532 1149 78.9030
532 1150 141.5180
533 1798 82.3450
533 2642 156.0290
534 533 302.9910
534 1174 77.9140
535 1800 81.5800
535 3946 14.0420
536 535 265.8110
536 1176 79.6640
536 1415 81.6940
537 433 261.2650
537 96 77.5120
537 1173 79.0790
537 1797 78.7860
538 1288 79.7400
538 2401 153.9660
539 811 174.0710
539 2159 82.0850
540 541 125.6650
540 2868 72.9900
541 626 69.4450
541 542 117.9750
542 543 161.8510
542 627 71.9220
543 3292 29.2130
543 542 161.8510
544 546 87.6460
544 3292 80.8100
545 2694 56.9760
545 546 36.3100
545 544 94.9060
546 545 36.3100
546 547 107.1640
546 2691 23.3730
547 2506 163.6300
547 2694 174.0690
547 546 107.1640
548 2953 16.0120
548 549 126.7020
549 550 131.4470
549 2100 78.6590
549 1773 68.9960
550 4034 73.3870
550 551 143.2670
551 552 110.3100
551 1774 72.5420
551 2954 79.1820
552 938 70.3810
552 3385 100.9360
553 554 142.5700
553 585 77.5600
554 1654 79.1150
554 555 137.5710
555 3873 141.7450
555 918 73.6520
556 1908 74.8460
556 304 160.7040
557 670 73.9610
557 556 310.3720
558 1909 74.3500
558 557 274.0390
559 558 273.9220
559 1372 74.3740
560 1910 74.7960
560 559 277.9170
561 3095 74.2520
562 563 154.4240
562 3151 79.5260
563 3601 144.3870
563 2496 79.3120
564 565 144.4670
564 2497 78.5500
565 566 154.3370
565 2724 81.1120
566 567 216.0000
566 2499 77.3990
567 568 227.9410
567 2303 82.3670
568 263 216.5650
568 2500 75.5710
569 659 19.5480
570 895 26.9080
570 569 167.8310
571 2463 120.2910
571 2464 82.7640
571 572 175.9330
572 3772 12.1010
572 571 175.9330
572 503 87.1840
573 574 117.5220
573 1232 85.0280
573 3772 88.7810
574 575 86.6880
574 573 117.5220
575 574 86.6880
575 576 122.5540
575 3103 162.7400
576 1025 120.1820
576 575 122.5540
577 2129 125.0810
577 3380 90.8780
577 4230 170.8390
578 3907 154.8180
578 2493 79.7170
579 4120 204.4890
579 1029 93.3880
579 1030 93.5990
580 579 61.9960
580 1407 79.7230
580 1408 79.9420
581 580 137.0120
581 2494 79.6610
581 2767 79.8370
582 581 136.6540
582 2034 79.8450
582 2033 79.9270
583 3845 12.2480
583 630 78.2990
583 3846 28.2820
584 3395 18.0900
584 3386 66.3400
584 929 100.0920
585 1654 143.4090
585 3395 67.0900
586 3393 17.9760
586 3388 43.5170
587 3393 43.4660
587 1651 142.9240
588 3387 19.1770
588 587 68.2440
589 3389 18.8730
589 588 74.0800
589 1649 144.6610
590 1648 143.8140
590 589 71.4890
591 1357 56.5920
591 105 75.7370
592 4136 47.4190
592 1358 63.2430
593 592 77.2470
594 593 78.5440
594 1360 62.2560
594 1657 130.3250
595 594 149.5630
596 1362 62.4890
596 595 77.0350
597 1917 92.0830
597 2037 48.0640
597 2036 38.8430
598 597 93.6080
598 2223 218.5840
598 2037 79.7950
599 600 50.9490
600 601 125.4560
600 3004 71.0750
601 602 102.6080
601 720 69.2670
602 1506 36.6770
603 340 111.3070
603 1240 56.5290
604 1244 52.2140
604 603 130.7890
605 604 164.3110
605 2433 69.9700
606 605 74.9370
606 3073 72.0360
606 3116 85.8430
607 608 154.2760
607 3061 80.1870
608 2591 78.7290
608 4179 151.1990
609 3102 78.6160
609 610 150.4330
610 611 154.7540
610 3962 78.6220
611 2897 78.3870
611 612 214.4360
612 2277 78.2910
612 613 129.0020
613 614 100.5080
613 612 129.0020
614 2651 157.4000
614 613 100.5080
615 3223 183.4700
615 3103 81.5620
616 3105 84.6880
616 1927 80.7220
617 3193 79.4270
618 617 154.5930
618 878 79.7190
619 879 78.5170
619 3600 21.7240
620 619 145.1610
620 2721 79.5020
621 620 154.4810
621 881 79.4430
622 2300 78.9330
622 621 215.9490
623 3493 138.6590
623 883 78.4320
624 2194 79.5690
625 540 70.3900
625 3982 157.1240
626 3097 68.0020
626 625 128.0760
627 626 94.5650
627 3313 79.2250
628 629 27.5630
629 628 27.5630
629 157 79.1970
630 631 72.3080
630 2181 79.1810
630 583 78.2990
631 632 76.0330
631 630 72.3080
631 950 84.5750
632 633 75.9180
632 631 76.0330
632 4250 90.4320
633 632 75.9180
633 634 35.7390
633 2182 98.7240
634 633 35.7390
634 947 67.2420
635 1944 80.6010
636 635 154.0230
636 2616 80.8270
637 3111 80.7450
637 3607 22.7840
638 637 142.3620
638 1947 82.1830
639 638 154.4050
639 2915 80.5960
640 639 215.8970
640 1949 83.4280
641 640 228.0670
641 3112 80.3810
642 3524 72.7370
642 652 44.2000
643 104 101.9080
644 4107 9.0750
644 645 82.0530
645 3071 94.7260
645 646 93.1440
646 2754 80.8120
646 647 86.9860
647 648 43.0090
647 2107 95.8210
647 2753 128.6130
648 1842 50.7230
648 4108 76.8990
649 4257 89.6380
650 940 58.7950
650 66 113.6210
650 651 63.4760
651 652 155.8980
651 643 17.3280
652 653 85.7860
652 1939 63.3430
653 654 82.3080
653 2542 163.7650
654 1915 178.3380
654 655 82.2190
655 4138 19.8810
656 1609 123.9270
656 858 132.1970
656 3793 103.0280
656 657 107.8270
657 658 58.4620
658 659 81.0930
659 3796 135.5490
659 660 77.3240
660 661 77.8920
660 3797 140.9080
661 1108 64.4720
661 662 93.5880
662 953 46.5120
662 1764 154.2180
662 27 59.4720
663 767 310.2770
663 664 77.0090
664 665 81.4970
665 1889 310.6040
665 517 80.8070
666 2092 310.9390
666 1972 273.7770
666 667 86.9700
667 668 81.3500
667 1973 274.5010
668 669 74.4730
668 2854 310.3790
669 557 74.6670
669 1909 273.9270
670 1975 274.0320
670 190 74.7640
671 1976 273.7040
671 672 78.1660
672 1213 310.3520
672 673 84.8560
673 198 84.7820
673 1747 273.8420
673 1746 309.3150
674 1977 273.6370
674 675 79.0300
675 676 77.9590
675 311 231.6590
676 1254 274.1490
676 677 78.3840
677 313 172.3540
677 225 78.8140
678 314 109.0070
678 679 78.9770
679 680 77.4990
679 1339 274.8940
680 681 77.5600
681 682 86.2320
681 4150 274.8100
682 1722 275.2540
682 1721 309.1020
682 683 84.2400
683 317 51.6740
683 684 80.2640
684 685 76.8860
684 3011 309.5040
685 686 78.4640
685 319 108.9210
686 687 78.8490
686 1143 310.6590
687 688 78.9470
687 321 156.8100
688 689 78.2730
688 2664 310.4550
689 690 84.1960
689 323 199.0500
690 691 85.7220
690 324 221.7580
690 1687 311.3280
691 692 79.5490
691 2007 273.1440
692 693 79.7750
692 2377 311.1800
693 325 272.1380
693 694 78.9070
694 1163 311.1470
694 695 79.5190
695 2010 273.0140
695 696 79.7840
696 2373 310.9470
696 697 79.9220
697 698 80.8680
697 991 272.0770
698 2039 310.9580
698 699 77.9210
699 700 78.6100
699 2013 273.2100
700 2654 310.8630
700 701 79.9580
701 2015 273.5840
701 702 79.4030
702 2939 310.8830
702 703 79.8140
703 704 79.1700
704 864 310.7350
704 705 85.8900
705 706 89.4780
705 1017 310.9300
705 2018 273.7210
706 707 81.3150
706 217 248.2320
707 4141 250.1810
707 69 275.2840
708 2804 188.1660
709 108 155.0320
709 1269 79.6980
710 3632 25.2090
710 1265 80.6840
711 1876 79.4580
711 710 142.8210
712 1267 80.6500
712 713 214.9960
712 711 154.2360
713 714 229.4900
713 1880 78.9100
714 3172 560.1870
714 1270 80.1460
715 716 54.8470
715 1460 62.3170
716 717 79.1140
716 721 89.7020
717 602 37.4190
718 172 34.6190
718 171 54.9980
719 4205 49.7930
719 600 69.2590
720 719 125.2750
720 2510 73.3110
721 720 72.3130
721 717 38.6020
722 3281 10.0960
722 1749 267.6410
722 3279 83.1840
723 3278 24.9160
724 723 77.1110
724 2507 274.5830
725 724 77.2620
725 1257 229.4820
726 725 78.7620
726 1834 274.4100
727 230 79.9490
727 1728 272.3910
728 727 234.0480
729 730 85.7410
729 4037 143.9590
729 728 84.5380
729 1725 269.4040
730 731 77.8550
730 729 85.7410
731 730 77.8550
731 4041 111.7210
731 732 76.7980
732 733 77.7860
732 731 76.7980
733 732 77.7860
733 3529 81.1210
734 3529 74.8770
734 3372 111.9050
734 2832 271.4570
735 734 80.2450
736 735 85.4680
736 1690 275.1580
736 3271 262.2440
737 736 85.5920
738 737 78.8390
738 739 79.8130
739 3268 197.3480
739 738 79.8130
739 740 80.2090
740 741 79.2730
740 3157 274.3020
740 739 80.2090
741 740 79.2730
741 742 79.8010
741 3269 197.5680
742 741 79.8010
742 2375 274.3700
742 743 79.4570
743 744 79.7240
743 3270 198.5040
743 742 79.4570
744 743 79.7240
744 2041 274.6130
744 745 79.1070
745 746 76.7340
745 3263 196.8680
745 744 79.1070
746 745 76.7340
746 2655 272.9690
746 747 80.5630
747 746 80.5630
747 748 82.6400
748 2940 273.9530
748 747 82.6400
748 749 78.7600
748 3264 197.9060
749 750 79.7680
749 748 78.7600
750 749 79.7680
750 751 85.6170
750 868 273.8890
751 3307 227.5830
751 750 85.6170
751 752 83.8790
751 3147 274.0290
752 2937 273.5490
752 751 83.8790
752 753 81.2870
753 4198 130.1500
753 3903 77.5250
753 752 81.2870
754 1632 68.4700
754 859 111.3320
755 860 35.3370
755 754 103.5120
755 1520 186.2060
756 861 34.5320
756 755 48.2460
757 756 49.6700
757 896 99.6540
758 839 104.1070
758 757 92.5250
759 4124 62.0910
760 1160 33.3860
760 900 124.3260
760 759 49.3810
761 1103 86.2150
761 4137 73.6100
762 761 88.5170
762 2993 101.6440
763 1104 46.4440
763 762 56.6930
764 763 31.5220
765 1106 73.7340
765 957 73.9730
765 956 77.5920
765 764 93.6060
766 3203 37.1650
766 2044 46.0390
767 768 161.4980
767 26 73.1300
768 372 226.5200
768 3123 76.0140
769 770 125.6850
769 3022 77.0470
770 4087 148.9430
770 2894 76.4420
770 2836 75.4410
771 772 228.5580
771 2271 75.0530
772 3119 75.4330
772 773 213.4870
773 774 223.9640
773 2838 74.4200
773 3120 76.2460
774 3121 76.4000
774 2839 74.3380
774 775 227.6450
774 773 223.9640
775 2840 75.6120
775 22 127.6340
775 3122 75.0560
775 774 227.6450
776 22 101.4500
776 2841 75.4990
776 3319 63.7770
776 2674 156.3820
777 2460 305.8940
777 3318 61.5630
778 160 82.6830
778 2420 63.1350
778 161 227.1390
779 3007 270.3860
780 3084 66.3910
780 781 79.5750
780 37 79.6780
781 3547 98.4860
781 3200 118.4460
781 782 79.5940
781 780 79.5750
782 2192 275.3370
782 3546 97.2540
782 781 79.5940
782 783 80.0750
783 2193 276.2580
783 784 82.1020
783 782 80.0750
784 1853 109.8310
784 785 313.2790
784 783 82.1020
785 1855 159.8900
785 786 79.8970
785 2195 274.2560
785 784 313.2790
786 3544 171.2280
786 785 79.8970
786 787 87.6590
787 788 87.3720
787 389 233.3940
787 75 113.8780
787 786 87.6590
788 789 80.4860
788 787 87.3720
788 989 133.6790
789 391 182.9640
789 790 80.4750
789 788 80.4860
790 2149 164.8620
790 791 80.4580
790 789 80.4750
791 393 136.4740
791 792 80.8020
791 790 80.4580
792 289 80.4320
792 791 80.8020
792 1861 172.1740
793 395 104.6200
793 10 86.3640
793 289 87.0700
793 57 143.4720
794 795 80.4290
794 10 79.6500
794 2146 118.5400
795 397 107.4860
795 796 81.9230
795 794 80.4290
796 1677 178.9330
796 20 80.1250
796 795 81.9230
797 2145 240.0910
797 798 87.7300
797 20 80.0740
798 400 120.8180
798 797 87.7300
798 799 85.6360
798 2144 241.2400
799 798 85.6360
799 800 77.8860
799 1190 240.8500
800 402 127.5030
800 42 81.5780
800 799 77.8860
801 403 128.0680
801 802 79.7430
801 42 79.0350
802 2143 147.9340
802 803 80.5960
802 801 79.7430
803 405 128.5450
803 804 79.4860
803 802 80.5960
804 2141 160.7720
804 805 79.6410
804 803 79.4860
805 806 79.5250
805 804 79.6410
805 407 128.9520
806 805 79.5250
806 408 125.8360
806 807 86.0850
807 3455 202.6330
807 808 86.0420
807 409 124.0740
807 806 86.0850
808 3559 133.5210
808 809 79.2860
808 807 86.0420
809 411 128.7110
809 810 79.6860
809 808 79.2860
810 2158 159.3230
810 811 80.6640
810 809 79.6860
811 812 79.9040
811 810 80.6640
811 413 129.2040
812 2159 158.7750
812 813 79.9400
812 811 79.9040
813 415 127.6970
813 814 78.7470
813 812 79.9400
814 2161 143.6820
814 815 80.4840
814 813 78.7470
815 417 114.7140
815 816 79.0880
815 814 80.4840
816 1753 142.7540
816 5 87.1930
816 815 79.0880
817 5 85.0500
817 1010 139.6380
818 4169 80.4700
819 818 156.1310
819 523 81.0490
819 3140 103.4300
820 819 96.6860
820 3528 164.0490
821 365 111.4530
821 2535 76.5280
822 821 178.7610
822 1720 86.0250
823 2989 77.8090
823 2830 74.8940
824 235 84.9800
825 3751 205.9470
825 1326 81.4840
825 1325 252.7160
826 4231 23.3610
826 4226 84.7050
827 3998 13.5660
827 3030 79.6680
828 3951 128.7890
829 830 265.1680
829 1667 79.9930
830 831 138.2440
830 1403 79.6270
830 1402 80.0410
831 2764 79.4480
831 1668 79.8670
832 833 38.1810
833 832 38.1810
833 3064 119.9650
833 834 81.7810
833 3223 133.1510
834 833 81.7810
834 496 96.6530
834 3042 129.6290
835 1755 176.4200
835 1756 130.7360
835 240 118.8510
835 496 117.0520
836 2676 83.8640
836 2675 176.6730
836 837 52.5640
836 240 122.1140
837 2676 82.7450
837 2076 84.7610
837 838 181.1380
837 836 52.5640
837 3829 85.7620
838 2077 85.3160
838 4066 81.4710
838 837 181.1380
839 862 35.4170
839 840 110.8700
840 1522 49.7480
841 110 138.6020
841 2339 571.4320
842 38 81.6130
842 1312 77.3020
843 4181 14.1380
843 1638 81.0010
844 1225 80.8310
844 1224 86.9310
844 843 150.0020
845 2895 81.3170
845 2094 87.1480
845 844 154.1160
846 845 138.8440
847 2095 87.1410
847 846 77.3040
848 847 76.5920
849 848 152.9430
849 1913 80.5930
850 3488 318.7370
850 1741 79.7260
850 2097 87.3080
851 2092 85.8310
851 667 309.9990
852 851 184.9260
852 1844 85.1890
853 520 47.0740
853 519 86.5860
854 521 73.9460
854 4160 26.2630
855 1532 69.9380
856 855 80.0230
856 1488 71.4820
857 856 138.4260
857 3114 68.1650
858 1632 146.5940
858 859 63.0550
859 894 135.4750
859 860 71.1320
859 754 111.3320
860 895 136.1720
860 756 33.0120
861 757 36.5660
861 839 65.6870
862 863 74.3590
862 840 80.9580
863 899 136.0310
863 3338 83.3060
864 2120 79.5820
865 704 273.9790
865 2017 78.8020
866 334 133.1130
866 1398 86.8280
867 866 274.0460
867 2121 80.8400
868 3147 85.2760
868 867 273.8980
869 2382 67.4310
869 3315 146.1820
869 4218 75.4860
870 3315 162.6960
870 871 125.3300
870 2509 65.5620
871 872 168.5820
871 2869 74.3450
871 870 125.3300
872 4094 78.0860
872 871 168.5820
872 873 178.1470
873 3294 27.6180
873 872 178.1470
874 875 25.0070
874 3294 79.2870
875 2692 78.3930
875 874 25.0070
875 2506 169.8960
876 1221 125.6870
876 1051 81.1620
876 1050 80.6120
877 617 79.8000
877 878 154.3300
878 3596 143.7330
878 2613 79.5900
879 880 145.5510
879 3149 79.7130
880 881 154.2650
880 620 79.5240
881 882 215.7390
881 2913 79.5270
882 622 79.3160
882 883 228.1360
883 257 216.0140
883 3150 79.4730
884 1016 82.4820
884 3366 146.2450
885 1696 80.0910
885 886 154.3100
886 2615 78.8580
886 3602 144.2450
887 3152 78.6570
887 888 144.8550
888 889 154.4570
888 1699 80.1190
889 2914 78.9820
889 890 216.0110
890 1701 80.1530
890 891 227.9270
891 261 216.3620
891 3153 79.0930
892 2543 72.7610
892 893 275.4300
893 1894 108.4890
893 252 124.4240
894 859 135.4750
894 657 72.0400
894 656 76.0300
895 894 70.2100
896 570 40.1330
897 2699 151.0610
897 896 33.7750
898 4195 13.0490
898 862 137.1590
898 758 46.5610
899 759 84.5650
899 898 76.7240
900 899 58.6170
900 4216 10.4600
901 4215 24.6880
901 3211 136.7320
902 901 73.0330
902 1526 121.5550
903 902 73.4280
903 3207 136.4890
904 903 76.1410
904 1528 69.0880
905 904 73.4950
906 1365 95.4980
906 905 36.1010
907 1711 133.7680
907 378 149.6330
908 1711 172.2430
908 907 82.5110
909 908 24.7920
909 910 56.4230
910 911 61.4690
910 909 56.4230
910 2432 91.3270
911 912 133.9890
911 910 61.4690
911 1161 64.9320
911 31 252.3340
912 911 133.9890
912 3342 75.1110
913 1435 74.4350
913 4118 68.0990
914 913 86.2840
914 1658 71.5830
914 1731 76.8350
915 1736 99.7200
915 213 258.5870
916 1259 24.5230
916 915 210.7220
917 555 78.9290
917 3876 142.6300
918 1653 137.7790
919 3673 143.4530
919 920 43.4050
920 921 68.0420
920 3884 141.7000
921 1650 137.2000
921 922 74.2770
922 1649 137.3100
922 3897 141.1590
922 923 71.7430
923 3892 140.9170
923 924 76.2910
924 1647 137.5480
924 925 76.8350
925 4064 76.4000
925 3889 141.4230
926 1644 137.9150
926 187 79.4570
927 3849 10.6140
927 1717 51.3880
928 3874 140.9630
928 1655 138.7720
929 2974 108.5490
929 952 98.0280
929 584 100.0920
930 183 83.3770
931 930 151.0640
931 932 76.3870
931 4060 86.2570
932 2776 113.9330
932 933 76.0600
933 3390 96.8920
934 933 71.9270
934 3389 96.9360
934 2976 111.6110
935 934 73.2330
935 2091 110.0390
936 935 68.4700
936 3388 98.5320
937 936 43.8810
937 586 100.2350
938 1774 110.1730
939 552 79.2690
939 3386 99.3490
940 651 21.0280
940 1939 157.7150
941 1599 30.6800
941 940 75.2450
942 1599 73.1620
942 2186 164.1610
942 2970 122.2450
942 941 69.4420
943 1138 123.7750
943 942 80.0190
944 2185 163.1040
944 943 77.1430
945 944 75.3160
945 2862 123.0820
946 2183 164.8820
946 360 80.7460
947 2530 134.7320
947 946 80.8480
948 181 29.6180
948 1900 138.8360
949 948 50.6890
949 632 79.1870
950 949 75.5310
950 971 129.2710
951 950 72.9830
951 630 88.5490
952 1715 116.6250
952 3846 74.2200
952 951 87.1400
953 662 46.5120
953 954 73.9480
953 1610 61.5330
954 955 76.0190
954 663 108.9240
954 953 73.9480
955 956 75.4220
955 954 76.0190
955 1104 104.5360
956 955 75.4220
956 765 77.5920
957 958 60.0390
957 765 73.9730
958 959 57.2220
958 957 60.0390
958 1890 107.6380
959 958 57.2220
959 3113 155.1090
959 519 75.4730
960 1368 48.3870
961 962 72.2710
961 1968 30.6410
962 1916 104.2410
962 963 100.0290
962 961 72.2710
963 2248 51.2430
963 3904 21.7450
963 962 100.0290
964 965 83.9330
964 3134 75.1650
964 3133 76.3510
965 1065 78.4940
965 1066 78.7290
966 1341 67.2490
966 3838 110.6800
967 966 54.0420
968 967 77.3350
968 1778 71.9790
969 968 146.7990
969 1343 77.3910
969 2101 71.3680
970 969 129.2300
970 1344 77.1910
971 2973 73.4220
971 970 141.1360
972 631 84.5990
972 2181 72.6290
973 972 163.7190
973 1346 76.7460
974 3879 16.5950
974 1348 67.5440
975 977 64.9430
975 3574 56.5700
976 975 44.6210
977 3195 47.8840
977 976 53.2550
978 979 154.4540
978 2664 78.3820
979 3453 144.6250
979 2600 84.3000
980 2709 78.6370
980 981 157.5520
981 2903 85.8690
981 982 80.1270
982 983 132.6810
982 981 80.1270
983 984 171.4010
983 982 132.6810
983 2287 79.1000
984 3532 64.4580
984 3530 19.8870
984 2583 170.7020
985 4079 13.8980
986 1305 86.6270
986 1306 80.6000
986 987 273.2560
987 2350 86.7850
987 988 273.2930
988 2197 80.4590
988 3709 47.6310
989 75 89.6520
989 2147 82.4920
990 697 311.2260
990 2373 79.9010
991 328 72.5160
991 2011 79.6270
992 1392 79.9080
992 993 273.2440
993 994 273.6460
993 2374 79.8600
994 2041 79.7840
994 743 273.8530
996 997 85.2290
996 4128 84.9810
996 3938 265.7230
997 998 79.3540
997 996 85.2290
998 3917 267.5910
998 997 79.3540
999 531 74.1890
999 2807 71.6210
1000 693 311.5140
1000 2377 79.1200
1001 1002 273.7420
1001 1389 79.6900
1002 1003 273.8500
1002 2378 79.6580
1003 3157 80.4610
1003 739 274.9850
1004 1005 71.6740
1005 1004 71.6740
1005 2484 80.2140
1006 1007 137.5310
1006 0 85.9770
1006 1322 80.3950
1007 2761 80.0780
1007 1 86.4420
1007 1008 135.2910
1008 1009 272.6000
1008 2 86.2620
1009 3704 239.5860
1009 2216 79.3290
1010 2163 78.5580
1011 3813 10.4900
1011 3821 30.3810
1011 3817 18.7850
1012 3813 116.5510
1012 237 122.7610
1012 2553 209.6590
1013 492 124.5140
1013 1754 209.8750
1013 237 117.3950
1014 2028 140.4890
1014 2125 69.7790
1014 1015 82.2960
1015 2124 129.8540
1015 1016 77.5480
1015 1014 82.2960
1016 1015 77.5480
1016 884 82.4820
1017 1018 154.9840
1017 864 85.5160
1017 705 310.9300
1018 1017 154.9840
1018 3592 144.3530
1018 2609 87.4470
1019 3191 87.0970
1019 3592 19.9290
1019 1020 146.8350
1020 1019 146.8350
1020 2385 85.8680
1020 1021 153.4570
1021 2910 87.8300
1021 1022 216.7200
1021 1020 153.4570
1022 2298 85.0190
1022 67 76.2620
1022 1021 216.7200
1023 1024 37.8810
1023 3978 216.9900
1023 2085 86.4830
1023 3109 85.4230
1024 1023 37.8810
1025 615 156.0940
1025 3103 113.9360
1026 3573 18.3610
1026 3928 15.6290
1026 2688 85.0010
1027 1406 207.1880
1027 3573 95.9730
1027 1028 93.2340
1028 1029 93.7100
1028 1980 106.4020
1028 1027 93.2340
1029 1028 93.7100
1029 1407 110.6930
1029 579 93.3880
1030 1408 13.2490
1030 1031 25.5980
1030 579 93.5990
1031 1032 68.5590
1031 1030 25.5980
1031 1409 58.0890
1031 1408 21.5520
1032 1409 35.5350
1032 1031 68.5590
1032 1033 93.6220
1033 1871 51.6960
1033 1034 95.4970
1033 1032 93.6220
1034 1033 95.4970
1034 1871 80.2870
1034 1411 135.4500
1034 1035 85.1690
1035 1036 85.8340
1035 2037 137.1410
1035 1412 135.7730
1035 1034 85.1690
1036 1037 80.4270
1036 1035 85.8340
1036 2038 139.0460
1037 206 69.7500
1037 1038 79.6830
1037 1036 80.4270
1038 1037 79.6830
1038 1414 111.5800
1038 1039 81.0860
1039 1040 315.5600
1039 1038 81.0860
1040 1041 80.5030
1040 1039 315.5600
1041 1416 126.6330
1041 1040 80.5030
1041 1954 87.5220
1042 1955 21.6820
1042 1043 80.1520
1042 1954 87.0950
1043 1042 80.1520
1043 1044 79.4670
1044 1449 48.7890
1044 1043 79.4670
1044 1045 80.8370
1045 1046 79.8090
1045 1044 80.8370
1046 1045 79.8090
1046 1155 75.2440
1046 1047 81.3870
1047 2770 111.7890
1047 1958 88.8500
1047 1048 328.0050
1047 1046 81.3870
1048 1210 140.1270
1048 1209 88.4190
1048 4122 85.2120
1048 1047 328.0050
1049 4122 79.5390
